9.97
10.03
10.03
9.99
9.96
9.97
9.98
9.95
9.97
9.97
9.97
9.99
9.98
9.97
9.95
9.98
9.93
9.94
9.89
9.90
9.90
9.89
9.91
9.90
9.88
9.87
9.89
9.90
9.88
9.88
9.89
9.88
9.85
9.83
9.82
9.82
9.83
9.83
9.85
9.83
9.82
9.81
9.82
9.82
9.82
9.83
9.82
9.82
9.81
9.82
9.82
9.83
9.81
9.83
9.82
9.82
9.81
9.83
9.82
9.81
9.82
9.81
9.82
9.81
9.85
9.80
9.82
9.81
9.82
9.81
9.82
9.88
9.88
9.90
9.85
9.88
9.84
9.84
9.84
9.84
9.82
9.82
9.81
9.82
9.83
9.77
9.78
9.62
9.79
9.78
9.77
9.76
9.76
9.76
9.79
9.77
9.77
9.81
9.66
9.73
9.69
9.70
9.67
9.75
9.74
9.73
9.74
9.75
9.76
9.75
9.75
9.75
9.74
9.76
9.75
9.75
9.74
9.77
9.73
9.75
9.75
9.76
9.77
9.76
9.75
9.76
9.75
9.78
9.76
9.76
9.78
9.84
9.86
9.85
9.84
9.84
9.83
9.85
9.85
9.88
9.91
9.92
9.94
9.92
9.92
9.99
10.01
10.00
10.00
10.02
10.01
10.08
10.11
10.09
10.09
10.15
10.21
10.19
10.17
10.18
10.29
10.26
10.26
10.28
10.28
10.32
10.35
10.36
10.35
10.37
10.38
10.36
10.37
10.37
10.36
10.36
10.37
10.38
10.36
10.37
10.37
10.37
10.35
10.37
10.38
10.38
10.36
10.36
10.37
10.37
10.37
10.36
10.35
10.31
10.26
10.26
10.29
10.27
10.27
10.29
10.28
10.22
10.19
10.20
10.21
10.18
10.19
10.20
10.12
10.10
10.10
10.12
10.11
10.09
10.05
10.03
10.00
10.03
10.02
10.00
10.02
10.00
9.93
9.94
9.94
9.94
9.93
9.93
9.93
9.94
9.91
9.90
9.88
9.86
9.85
9.84
9.84
9.85
9.86
9.86
9.85
9.85
9.84
9.88
9.85
9.86
9.86
9.86
9.86
9.85
9.85
9.85
9.87
9.86
9.82
9.82
9.83
9.84
9.86
9.86
9.81
9.81
9.87
9.83
9.86
9.81
9.84
9.86
9.85
9.84
9.85
9.86
9.86
9.86
9.85
9.85
9.86
9.86
9.86
9.88
9.85
9.85
9.85
9.87
9.87
9.85
9.86
9.78
9.87
9.79
9.79
9.77
9.78
9.78
9.79
9.77
9.78
9.77
9999.00
9.70
9.69
9.70
9.71
9.70
9.69
9.70
9.70
9.72
9.69
9.69
9.69
9.69
9.71
9.69
9.70
9.70
9.69
9.72
9.70
9.68
9.65
9.68
9.72
9.70
9.71
9.70
9.71
9.72
9.70
9.71
9.73
9.70
9.69
9.70
9.75
9.77
9.77
9.78
9.77
9.78
9.78
9.79
9.87
9.87
9.86
9.85
9.86
9.88
9.97
9.94
9.95
9.96
10.01
10.02
10.04
10.05
10.05
10.12
10.13
10.14
10.14
10.19
10.20
10.21
10.20
10.20
10.30
10.28
10.29
10.28
10.31
10.30
10.28
10.30
10.32
10.36
10.32
10.36
10.39
10.38
10.33
10.39
10.36
10.34
10.33
10.33
10.32
10.29
10.31
10.29
10.28
10.29
10.30
10.29
10.28
10.31
10.27
10.18
10.21
10.22
10.20
10.20
10.21
10.20
10.16
10.14
10.11
10.13
10.14
10.05
10.03
10.03
10.06
10.03
10.02
9.96
9.96
9.95
9.94
9.95
9.97
9.92
9.86
9.86
9.88
9.87
9.85
9.86
9.87
9.88
9.80
9.78
9.78
9.79
9.80
9.78
9.78
9.78
9.79
9.79
9.77
9.78
9.77
9.79
9.79
9.76
9.75
9.71
9.75
9.72
9.73
9.73
9.73
9.71
9.69
9.70
9.70
9.72
9.75
9.70
9.72
9.74
9.75
9.74
9.75
9.78
9.77
9.78
9.78
9.77
9.79
9.79
9.79
9.79
9.78
9.79
9.80
9.77
9.77
9.78
9.80
9.79
9.77
9.77
9.79
9.79
9.78
9.77
9.78
9.81
9.78
9.78
9.78
9.79
9.78
9.77
9.77
9.77
9.72
9999.00
9.70
9.70
9.65
9.64
9.62
9.62
9.63
9.62
9.63
9.63
9.64
9.62
9.62
9.63
9.57
9.55
9.55
9.55
9.54
9.53
9.56
9.54
9.53
9.54
9.54
9.54
9.53
9.55
9.54
9.56
9.54
9.59
9.61
9.62
9.62
9.62
9.64
9.63
9.62
9.62
9.64
9.70
9.69
9.71
9.72
9.69
9.76
9.80
9.78
9.78
9.79
9.87
9.87
9.86
9.87
9.91
9.95
9.96
9.95
10.01
10.04
10.02
10.04
10.13
10.11
10.11
10.14
10.16
10.19
10.21
10.20
10.21
10.21
10.19
10.21
10.22
10.28
10.30
10.22
10.29
10.30
10.28
10.29
10.29
10.28
10.29
10.29
10.28
10.30
10.22
10.22
10.19
10.20
10.22
10.19
10.21
10.22
10.20
10.20
10.14
10.11
10.12
10.14
10.11
10.10
10.05
10.04
10.04
10.06
10.01
9.94
9.96
9.95
9.95
9.96
9.87
9.86
9.88
9.86
9.86
9.81
9.79
9.78
9.78
9.79
9.79
9.78
9.73
9.73
9.70
9.70
9.71
9.72
9.69
9.71
9.73
9.62
9.62
9.62
9.63
9.62
9.62
9.64
9.62
9.62
9.63
9.64
9.63
9.63
9.63
9.61
9.65
9.63
9.62
9.62
9.63
9.63
9.64
9.62
9.62
9.65
9.64
9.62
9.63
9.64
9.63
9.63
9.64
9.67
9.70
9.70
9.70
9.71
9.71
9.71
9.72
9.70
9.70
9.72
9.71
9.70
9.70
9.72
9.70
9.70
9.72
9.71
9.71
9.70
9.71
9.70
9.70
9.71
9.72
9.69
9.71
9.73
9.70
9.71
9.70
9999.00
9.63
9.63
9.63
9.62
9.63
9.62
9.55
9.55
9.55
9.56
9.54
9.54
9.56
9.55
9.55
9.54
9.51
9.46
9.48
9.48
9.47
9.48
9.49
9.47
9.48
9.46
9.47
9.47
9.47
9.49
9.46
9.48
9.45
9.48
9.48
9.48
9.46
9.47
9.52
9.55
9.54
9.54
9.56
9.54
9.59
9.62
9.64
9.63
9.68
9.71
9.71
9.70
9.75
9.80
9.78
9.79
9.87
9.87
9.86
9.95
9.96
9.94
10.00
10.04
10.03
10.05
10.03
10.11
10.13
10.12
10.11
10.15
10.14
10.17
10.22
10.20
10.20
10.21
10.20
10.20
10.20
10.23
10.20
10.19
10.22
10.20
10.20
10.22
10.19
10.21
10.23
10.20
10.20
10.18
10.16
10.15
10.13
10.13
10.14
10.12
10.09
10.05
10.04
10.04
10.05
10.01
9.95
9.97
9.94
9.95
9.94
9.87
9.89
9.86
9.86
9.80
9.80
9.78
9.79
9.80
9.71
9.70
9.71
9.72
9.71
9.68
9.64
9.63
9.62
9.62
9.65
9.60
9.55
9.55
9.56
9.54
9.54
9.56
9.54
9.52
9.52
9.53
9.47
9.49
9.47
9.47
9.47
9.48
9.47
9.47
9.48
9.47
9.47
9.47
9.49
9.49
9.49
9.56
9.55
9.55
9.55
9.56
9.54
9.54
9.54
9.55
9.56
9.59
9.65
9.63
9.62
9.62
9.64
9.62
9.63
9.65
9.63
9.63
9.65
9.72
9.71
9.70
9.71
9.71
9.70
9.66
9.66
9.65
9.63
9.64
9.62
9.63
9.64
9.64
9.63
9.62
9.65
9.62
9.65
9.63
9999.00
9.55
9.54
9.55
9.55
9.55
9.57
9.54
9.53
9.49
9.48
9.48
9.47
9.49
9.47
9.47
9.47
9.47
9.39
9.40
9.41
9.40
9.39
9.39
9.41
9.40
9.39
9.38
9.36
9.32
9.35
9.35
9.33
9.33
9.37
9.39
9.39
9.39
9.42
9.40
9.39
9.41
9.42
9.40
9.47
9.49
9.48
9.47
9.54
9.57
9.55
9.60
9.63
9.63
9.67
9.71
9.72
9.74
9.78
9.79
9.85
9.87
9.87
9.94
9.95
9.95
9.97
10.01
10.04
10.03
10.04
10.06
10.10
10.14
10.14
10.11
10.13
10.13
10.12
10.14
10.12
10.13
10.11
10.11
10.14
10.13
10.13
10.14
10.12
10.13
10.14
10.11
10.14
10.15
10.12
10.14
10.12
10.12
10.11
10.04
10.04
10.05
10.03
10.02
9.97
9.96
9.95
9.98
9.87
9.86
9.88
9.87
9.78
9.80
9.79
9.79
9.73
9.73
9.70
9.71
9.69
9.65
9.63
9.62
9.65
9.63
9.57
9.56
9.56
9.55
9.55
9.51
9.47
9.49
9.45
9.48
9.49
9.43
9.39
9.40
9.42
9.39
9.40
9.41
9.40
9.40
9.40
9.42
9.40
9.40
9.38
9.38
9.40
9.39
9.41
9.40
9.40
9.41
9.41
9.39
9.43
9.46
9.47
9.46
9.49
9.47
9.47
9.50
9.55
9.54
9.55
9.53
9.55
9.54
9.56
9.54
9.57
9.63
9.64
9.64
9.63
9.65
9.62
9.63
9.63
9.65
9.63
9.63
9.64
9.63
9.63
9.63
9.64
9.62
9.64
9.64
9.62
9.64
9.59
9.57
9.55
9999.00
9.55
9.55
9.51
9.48
9.47
9.48
9.48
9.46
9.47
9.49
9.43
9.40
9.41
9.40
9.40
9.41
9.42
9.40
9.35
9.34
9.33
9.33
9.33
9.34
9.31
9.27
9.25
9.26
9.25
9.24
9.27
9.25
9.25
9.26
9.26
9.25
9.25
9.26
9.24
9.25
9.29
9.34
9.32
9.33
9.35
9.37
9.42
9.39
9.40
9.48
9.48
9.49
9.55
9.57
9.62
9.65
9.63
9.71
9.72
9.79
9.79
9.79
9.89
9.87
9.87
9.92
9.96
9.95
9.97
10.00
10.04
10.05
10.04
10.04
10.05
10.04
10.08
10.08
10.13
10.13
10.14
10.12
10.13
10.13
10.11
10.15
10.14
10.14
10.14
10.12
10.12
10.15
10.11
10.10
10.04
10.03
10.04
10.05
10.04
10.04
9.98
9.95
9.95
9.97
9.95
9.87
9.89
9.87
9.81
9.81
9.79
9.78
9.72
9.72
9.71
9.71
9.65
9.61
9.64
9.65
9.58
9.55
9.57
9.55
9.55
9.48
9.48
9.48
9.49
9.47
9.40
9.41
9.41
9.41
9.36
9.35
9.33
9.34
9.34
9.34
9.31
9.25
9.29
9.26
9.26
9.26
9.27
9.25
9.25
9.27
9.25
9.25
9.26
9.27
9.25
9.33
9.34
9.33
9.33
9.35
9.37
9.40
9.39
9.42
9.40
9.40
9.46
9.47
9.49
9.47
9.49
9.48
9.47
9.55
9.56
9.55
9.55
9.56
9.55
9.55
9.55
9.53
9.57
9.56
9.55
9.55
9.57
9.55
9.55
9.56
9.55
9.55
9.55
9.57
9.56
9.55
9.56
9.56
9.55
9.54
9999.00
9.47
9.49
9.48
9.48
9.47
9.47
9.44
9.40
9.40
9.38
9.40
9.42
9.39
9.33
9.35
9.31
9.32
9.33
9.34
9.27
9.24
9.26
9.25
9.25
9.25
9.24
9.22
9.22
9.24
9.22
9.22
9.23
9.24
9.22
9.23
9.23
9.23
9.22
9.22
9.24
9.22
9.22
9.23
9.25
9.25
9.27
9.25
9.33
9.33
9.33
9.40
9.40
9.48
9.45
9.48
9.56
9.55
9.63
9.63
9.73
9.71
9.76
9.80
9.80
9.87
9.87
9.88
9.86
9.96
9.97
9.95
9.96
9.97
10.04
10.04
10.04
10.04
10.04
10.04
10.03
10.05
10.04
10.05
10.05
10.07
10.07
10.08
10.04
10.05
10.07
10.03
10.04
10.01
10.05
10.04
10.05
10.05
10.01
9.98
9.97
9.96
9.96
9.95
9.91
9.88
9.86
9.85
9.80
9.80
9.79
9.73
9.71
9.70
9.66
9.65
9.63
9.63
9.60
9.56
9.55
9.55
9.49
9.47
9.45
9.49
9.42
9.40
9.40
9.42
9.34
9.33
9.35
9.34
9.33
9.25
9.26
9.26
9.25
9.25
9.23
9.22
9.22
9.24
9.22
9.22
9.23
9.19
9.17
9.20
9.24
9.20
9.19
9.23
9.23
9.22
9.22
9.25
9.25
9.26
9.26
9.27
9.32
9.33
9.34
9.33
9.34
9.36
9.42
9.40
9.41
9.40
9.46
9.49
9.49
9.48
9.49
9.47
9.47
9.54
9.55
9.53
9.55
9.57
9.55
9.55
9.56
9.55
9.55
9.55
9.54
9.55
9.55
9.57
9.53
9.54
9.52
9.54
9.48
9.48
9.48
9999.00
9.49
9.47
9.40
9.40
9.42
9.39
9.41
9.41
9.38
9.33
9.33
9.34
9.33
9.33
9.34
9.29
9.25
9.26
9.27
9.26
9.24
9.23
9.24
9.22
9.22
9.24
9.17
9.15
9.16
9.16
9.18
9.16
9.15
9.11
9.16
9.10
9.10
9.10
9.13
9.15
9.15
9.17
9.15
9.15
9.17
9.20
9.22
9.23
9.27
9.25
9.27
9.34
9.33
9.40
9.41
9.49
9.47
9.56
9.57
9.64
9.62
9.72
9.72
9.70
9.79
9.81
9.82
9.87
9.86
9.87
9.87
9.96
9.97
9.96
9.97
9.96
9.96
10.00
10.02
10.04
10.06
10.04
10.04
10.06
10.01
10.05
10.06
10.04
10.05
10.07
10.01
10.05
10.05
10.06
10.04
9.98
9.96
9.95
9.95
9.97
9.96
9.92
9.88
9.85
9.85
9.80
9.81
9.79
9.71
9.73
9.71
9.63
9.64
9.65
9.59
9.55
9.57
9.55
9.48
9.48
9.49
9.47
9.40
9.41
9.41
9.40
9.35
9.33
9.32
9.31
9.27
9.25
9.25
9.25
9.22
9.22
9.23
9.16
9.16
9.15
9.17
9.15
9.17
9.12
9.08
9.06
9.10
9.04
9.06
9.09
9.09
9.06
9.09
9.17
9.15
9.17
9.16
9.15
9.23
9.23
9.22
9.22
9.27
9.25
9.26
9.32
9.33
9.33
9.32
9.37
9.37
9.40
9.42
9.40
9.40
9.42
9.47
9.48
9.45
9.49
9.48
9.47
9.47
9.50
9.48
9.48
9.51
9.48
9.47
9.48
9.49
9.48
9.48
9.51
9.48
9.48
9.45
9.50
9.48
9.48
9999.00
9.40
9.40
9.42
9.40
9.39
9.34
9.33
9.33
9.33
9.35
9.29
9.27
9.25
9.27
9.24
9.25
9.26
9.22
9.24
9.23
9.22
9.18
9.17
9.15
9.15
9.16
9.11
9.08
9.09
9.06
9.08
9.06
9.06
9.06
9.05
9.01
9.03
9.01
9.03
9.02
9.04
9.07
9.05
9.06
9.06
9.08
9.13
9.15
9.17
9.23
9.23
9.25
9.26
9.33
9.33
9.42
9.40
9.48
9.48
9.56
9.55
9.64
9.65
9.69
9.71
9.72
9.81
9.78
9.79
9.84
9.88
9.88
9.88
9.89
9.96
9.97
9.96
9.96
9.97
9.96
9.95
9.96
9.96
10.00
9.97
9.99
10.02
10.04
10.05
9.96
9.99
10.01
9.96
9.96
9.97
9.96
9.96
9.98
9.96
9.93
9.89
9.88
9.87
9.86
9.80
9.77
9.78
9.73
9.71
9.73
9.65
9.63
9.61
9.57
9.55
9.55
9.49
9.48
9.47
9.46
9.41
9.40
9.40
9.35
9.33
9.33
9.33
9.26
9.26
9.25
9.25
9.23
9.22
9.21
9.16
9.15
9.16
9.08
9.05
9.09
9.07
9.06
9.06
9.03
9.03
9.01
9.02
9.02
9.01
9.01
9.05
9.01
9.01
9.02
9.06
9.07
9.06
9.06
9.10
9.15
9.16
9.16
9.22
9.22
9.24
9.24
9.25
9.27
9.26
9.31
9.33
9.34
9.33
9.33
9.37
9.38
9.40
9.41
9.41
9.40
9.43
9.44
9.42
9.46
9.49
9.48
9.43
9.43
9.44
9.44
9.45
9.44
9.44
9.46
9.41
9.43
9.40
9.41
9.42
9.41
9999.00
9.36
9.33
9.34
9.33
9.33
9.34
9.32
9.27
9.30
9.25
9.25
9.27
9.26
9.24
9.23
9.25
9.22
9.23
9.16
9.17
9.15
9.15
9.17
9.08
9.08
9.06
9.06
9.06
9.01
9.03
9.01
9.01
9.02
9.00
8.97
8.98
8.98
8.96
8.94
8.95
8.96
8.99
9.02
9.03
9.01
9.01
9.02
9.07
9.08
9.14
9.17
9.16
9.22
9.26
9.27
9.32
9.32
9.42
9.40
9.48
9.48
9.59
9.55
9.63
9.65
9.71
9.69
9.79
9.80
9.79
9.81
9.88
9.87
9.90
9.85
9.86
9.91
9.96
9.95
9.96
9.94
9.97
9.95
9.95
9.98
9.94
9.96
9.97
9.96
9.96
9.97
9.96
9.96
9.95
9.96
9.96
9.96
9.90
9.89
9.87
9.88
9.85
9.83
9.79
9.79
9.80
9.72
9.72
9.68
9.63
9.63
9.55
9.57
9.55
9.50
9.49
9.48
9.42
9.41
9.42
9.39
9.33
9.34
9.33
9.25
9.26
9.27
9.26
9.23
9.24
9.23
9.15
9.15
9.15
9.13
9.09
9.09
9.04
9.06
9.03
9.03
9.00
9.02
8.98
8.94
8.96
8.94
8.94
8.93
8.95
8.94
8.94
8.96
8.94
8.97
9.00
9.02
9.02
9.04
9.06
9.08
9.09
9.16
9.16
9.16
9.23
9.22
9.22
9.27
9.25
9.25
9.26
9.28
9.32
9.33
9.35
9.33
9.33
9.39
9.41
9.40
9.40
9.42
9.41
9.40
9.41
9.42
9.40
9.38
9.42
9.40
9.40
9.41
9.41
9.40
9.43
9.40
9.41
9.39
9.42
9999.00
9.35
9.33
9.31
9.27
9.29
9.25
9.25
9.28
9.25
9.26
9.23
9.23
9.22
9.22
9.24
9.16
9.15
9.17
9.14
9.14
9.07
9.07
9.07
9.08
9.09
9.01
9.01
9.02
9.00
8.94
8.94
8.96
8.92
8.94
8.95
8.91
8.90
8.89
8.89
8.87
8.88
8.91
8.95
8.95
8.94
8.96
8.94
8.99
9.03
9.06
9.08
9.12
9.16
9.17
9.23
9.27
9.26
9.34
9.32
9.40
9.47
9.48
9.55
9.55
9.62
9.64
9.65
9.73
9.71
9.74
9.80
9.80
9.79
9.86
9.87
9.83
9.87
9.89
9.87
9.87
9.88
9.93
9.87
9.97
9.97
9.96
9.95
9.95
9.94
9.98
9.96
9.93
9.98
9.91
9.90
9.88
9.89
9.87
9.87
9.89
9.81
9.79
9.81
9.79
9.71
9.72
9.72
9.63
9.63
9.65
9.55
9.55
9.52
9.49
9.48
9.41
9.42
9.40
9.39
9.33
9.33
9.33
9.27
9.25
9.25
9.24
9.24
9.22
9.21
9.18
9.15
9.11
9.09
9.08
9.09
9.01
9.01
9.01
9.02
8.96
8.94
8.96
8.95
8.92
8.90
8.88
8.87
8.85
8.89
8.88
8.87
8.86
8.88
8.87
8.91
8.96
8.92
8.94
8.95
9.02
9.00
9.05
9.10
9.09
9.09
9.14
9.14
9.16
9.22
9.24
9.22
9.25
9.26
9.26
9.25
9.25
9.30
9.33
9.33
9.34
9.34
9.33
9.32
9.34
9.35
9.37
9.35
9.33
9.37
9.37
9.34
9.36
9.35
9.34
9.33
9.35
9.34
9.33
9.34
9.34
9999.00
9.27
9.25
9.25
9.26
9.26
9.26
9.22
9.25
9.22
9.22
9.24
9.24
9.18
9.16
9.15
9.15
9.15
9.08
9.08
9.09
9.10
9.06
9.05
9.03
9.00
8.97
8.95
8.96
8.94
8.92
8.91
8.87
8.88
8.88
8.87
8.87
8.88
8.89
8.84
8.85
8.88
8.89
8.88
8.87
8.87
8.88
8.89
8.93
8.95
8.98
9.01
9.08
9.08
9.14
9.17
9.22
9.22
9.27
9.30
9.33
9.40
9.44
9.48
9.48
9.57
9.55
9.61
9.65
9.66
9.71
9.73
9.74
9.79
9.80
9.81
9.79
9.79
9.89
9.86
9.87
9.86
9.88
9.88
9.89
9.88
9.87
9.87
9.89
9.89
9.87
9.88
9.87
9.88
9.89
9.88
9.88
9.86
9.83
9.80
9.79
9.81
9.79
9.73
9.71
9.71
9.66
9.63
9.65
9.55
9.55
9.56
9.51
9.46
9.48
9.42
9.40
9.40
9.35
9.32
9.33
9.30
9.27
9.26
9.25
9.24
9.23
9.21
9.16
9.18
9.16
9.08
9.10
9.09
9.03
9.03
9.03
8.94
8.94
8.96
8.95
8.88
8.86
8.88
8.86
8.87
8.87
8.81
8.81
8.81
8.82
8.81
8.80
8.86
8.86
8.87
8.85
8.89
8.87
8.91
8.96
8.95
8.97
9.02
9.03
9.06
9.08
9.08
9.16
9.16
9.16
9.21
9.23
9.24
9.22
9.24
9.25
9.26
9.26
9.26
9.27
9.27
9.33
9.34
9.32
9.33
9.33
9.35
9.31
9.35
9.33
9.34
9.35
9.34
9.33
9.34
9.34
9.32
9.28
9.35
9.25
9999.00
9.26
9.24
9.23
9.24
9.23
9.23
9.24
9.21
9.22
9.15
9.17
9.14
9.15
9.14
9.10
9.08
9.09
9.10
9.09
9.06
9.05
9.02
9.01
8.96
8.96
8.95
8.94
8.91
8.88
8.88
8.87
8.89
8.82
8.81
8.81
8.81
8.82
8.81
8.81
8.82
8.81
8.81
8.81
8.82
8.81
8.82
8.89
8.88
8.88
8.95
8.96
9.02
9.01
9.08
9.09
9.15
9.16
9.24
9.26
9.25
9.35
9.37
9.40
9.48
9.49
9.55
9.55
9.63
9.62
9.64
9.67
9.72
9.72
9.73
9.73
9.80
9.79
9.79
9.75
9.80
9.81
9.79
9.80
9.81
9.82
9.79
9.82
9.84
9.80
9.79
9.81
9.79
9.79
9.81
9.80
9.80
9.81
9.79
9.77
9.73
9.71
9.72
9.72
9.65
9.61
9.64
9.62
9.55
9.55
9.49
9.49
9.48
9.42
9.41
9.41
9.35
9.35
9.33
9.33
9.27
9.26
9.26
9.23
9.24
9.22
9.16
9.16
9.14
9.09
9.09
9.10
8.99
9.01
8.99
8.94
8.94
8.95
8.89
8.87
8.88
8.90
8.83
8.81
8.82
8.82
8.80
8.79
8.77
8.73
8.76
8.77
8.79
8.81
8.80
8.82
8.81
8.81
8.85
8.85
8.89
8.87
8.95
8.95
8.97
9.01
9.01
9.08
9.08
9.08
9.12
9.12
9.14
9.16
9.24
9.22
9.23
9.24
9.23
9.23
9.25
9.27
9.26
9.26
9.27
9.26
9.26
9.26
9.27
9.26
9.28
9.29
9.28
9.25
9.25
9.26
9.26
9.25
9.27
9.25
9.26
9999.00
9.22
9.22
9.20
9.23
9.21
9.17
9.16
9.16
9.16
9.15
9.13
9.09
9.10
9.09
9.08
9.06
9.07
9.01
9.01
9.04
9.00
8.95
8.96
8.95
8.95
8.90
8.88
8.88
8.85
8.82
8.80
8.81
8.82
8.77
8.74
8.74
8.75
8.72
8.74
8.75
8.74
8.75
8.70
8.74
8.76
8.78
8.80
8.82
8.84
8.88
8.87
8.97
8.95
9.02
9.05
9.08
9.14
9.13
9.24
9.24
9.25
9.34
9.34
9.40
9.41
9.50
9.49
9.56
9.57
9.57
9.63
9.64
9.65
9.69
9.71
9.73
9.72
9.71
9.72
9.72
9.75
9.75
9.79
9.77
9.79
9.77
9.78
9.81
9.81
9.79
9.79
9.81
9.74
9.75
9.74
9.71
9.72
9.70
9.73
9.70
9.63
9.65
9.64
9.64
9.56
9.56
9.56
9.50
9.50
9.48
9.46
9.42
9.41
9.38
9.33
9.35
9.32
9.25
9.27
9.27
9.23
9.19
9.25
9.16
9.16
9.16
9.11
9.09
9.10
9.03
9.02
9.02
8.95
8.94
8.95
8.88
8.88
8.88
8.82
8.81
8.80
8.82
8.77
8.73
8.74
8.76
8.74
8.75
8.72
8.74
8.74
8.76
8.73
8.74
8.75
8.74
8.76
8.81
8.82
8.81
8.86
8.89
8.88
8.93
8.96
8.97
9.02
9.03
9.10
9.09
9.09
9.18
9.16
9.14
9.16
9.15
9.16
9.14
9.24
9.22
9.23
9.24
9.23
9.23
9.24
9.27
9.26
9.25
9.27
9.25
9.25
9.25
9.28
9.26
9.24
9.25
9.23
9.23
9.23
9.24
9999.00
9.17
9.16
9.16
9.17
9.17
9.12
9.14
9.15
9.10
9.10
9.08
9.10
9.10
9.01
9.06
9.06
9.01
9.02
8.98
8.96
8.94
8.95
8.94
8.87
8.87
8.89
8.84
8.80
8.81
8.82
8.79
8.76
8.74
8.75
8.74
8.73
8.76
8.74
8.69
8.70
8.75
8.71
8.74
8.75
8.74
8.73
8.75
8.80
8.81
8.81
8.89
8.88
8.93
8.95
9.02
9.05
9.08
9.13
9.15
9.23
9.24
9.27
9.28
9.33
9.43
9.41
9.42
9.49
9.51
9.56
9.56
9.58
9.58
9.66
9.61
9.64
9.64
9.65
9.66
9.70
9.73
9.72
9.71
9.72
9.72
9.71
9.73
9.72
9.72
9.71
9.73
9.72
9.71
9.73
9.69
9.64
9.60
9.64
9.65
9.62
9.64
9.55
9.57
9.53
9.56
9.52
9.49
9.46
9.47
9.42
9.41
9.36
9.34
9.34
9.34
9.29
9.28
9.26
9.25
9.24
9.24
9.21
9.16
9.16
9.16
9.09
9.10
9.07
9.01
9.02
8.97
8.95
8.95
8.89
8.88
8.88
8.82
8.81
8.81
8.77
8.74
8.73
8.74
8.75
8.70
8.67
8.68
8.68
8.67
8.67
8.68
8.67
8.67
8.71
8.73
8.74
8.74
8.75
8.74
8.78
8.80
8.81
8.85
8.88
8.89
8.95
8.95
9.01
9.02
9.02
9.07
9.10
9.09
9.09
9.13
9.11
9.14
9.12
9.15
9.16
9.15
9.16
9.18
9.24
9.24
9.23
9.22
9.25
9.23
9.23
9.25
9.24
9.22
9.23
9.25
9.23
9.23
9.24
9.17
9.14
9999.00
9.14
9.13
9.09
9.09
9.08
9.10
9.08
9.08
9.10
9.09
9.06
9.01
9.05
9.02
8.99
9.01
8.95
8.95
8.94
8.96
8.92
8.88
8.89
8.89
8.86
8.81
8.82
8.80
8.74
8.76
8.74
8.71
8.74
8.76
8.68
8.67
8.69
8.67
8.66
8.68
8.64
8.65
8.67
8.69
8.67
8.68
8.74
8.75
8.74
8.81
8.83
8.86
8.88
8.91
8.92
8.98
9.02
9.08
9.10
9.12
9.19
9.23
9.26
9.26
9.31
9.35
9.41
9.39
9.47
9.49
9.46
9.53
9.54
9.54
9.55
9.57
9.55
9.62
9.62
9.60
9.64
9.62
9.66
9.64
9.63
9.66
9.63
9.62
9.63
9.61
9.61
9.62
9.63
9.60
9.59
9.61
9.57
9.59
9.54
9.58
9.52
9.53
9.48
9.48
9.48
9.48
9.41
9.41
9.41
9.38
9.34
9.33
9.33
9.28
9.25
9.26
9.27
9.23
9.23
9.18
9.16
9.14
9.18
9.09
9.09
9.06
9.02
9.02
9.00
8.96
8.95
8.93
8.90
8.86
8.81
8.82
8.78
8.75
8.75
8.76
8.74
8.72
8.68
8.68
8.67
8.66
8.69
8.64
8.60
8.62
8.61
8.62
8.66
8.64
8.67
8.68
8.68
8.67
8.74
8.72
8.74
8.75
8.81
8.81
8.87
8.88
8.92
8.91
8.96
8.98
9.00
9.00
9.01
9.06
9.07
9.06
9.07
9.09
9.07
9.12
9.08
9.14
9.16
9.12
9.14
9.15
9.15
9.14
9.15
9.16
9.16
9.18
9.12
9.12
9.15
9.15
9.14
9.12
9.16
9.13
9999.00
9.07
9.09
9.09
9.08
9.08
9.04
9.04
9.00
9.02
9.00
9.02
8.98
9.00
8.96
8.94
8.92
8.94
8.94
8.90
8.88
8.90
8.84
8.82
8.83
8.79
8.78
8.77
8.75
8.74
8.74
8.73
8.67
8.67
8.67
8.65
8.64
8.64
8.66
8.67
8.67
8.67
8.66
8.66
8.66
8.67
8.65
8.66
8.69
8.74
8.74
8.77
8.80
8.85
8.86
8.89
8.95
8.97
8.99
9.07
9.07
9.16
9.16
9.25
9.24
9.26
9.30
9.34
9.34
9.39
9.42
9.41
9.44
9.48
9.48
9.46
9.47
9.51
9.56
9.53
9.55
9.54
9.55
9.58
9.56
9.53
9.57
9.55
9.54
9.52
9.58
9.56
9.56
9.57
9.56
9.56
9.54
9.52
9.48
9.49
9.50
9.48
9.47
9.45
9.42
9.41
9.41
9.42
9.34
9.33
9.35
9.34
9.27
9.27
9.26
9.24
9.25
9.23
9.23
9.20
9.16
9.15
9.13
9.11
9.09
9.06
9.04
9.02
8.95
8.97
8.92
8.88
8.88
8.87
8.81
8.82
8.82
8.73
8.72
8.72
8.70
8.68
8.66
8.65
8.66
8.62
8.62
8.61
8.59
8.60
8.62
8.60
8.58
8.60
8.60
8.60
8.61
8.68
8.67
8.67
8.69
8.72
8.72
8.75
8.80
8.81
8.81
8.87
8.86
8.89
8.96
8.95
8.94
9.02
9.02
9.01
9.03
9.02
9.02
9.06
9.08
9.09
9.07
9.10
9.10
9.07
9.11
9.09
9.12
9.15
9.12
9.16
9.17
9.17
9.12
9.14
9.13
9.14
9.11
9.09
9.09
9999.00
9.09
9.08
9.04
9.02
9.02
9.03
9.02
9.02
9.02
9.04
8.95
8.95
8.96
8.95
8.95
8.96
8.92
8.88
8.88
8.90
8.86
8.81
8.82
8.81
8.81
8.77
8.75
8.74
8.75
8.75
8.68
8.67
8.68
8.68
8.67
8.65
8.61
8.61
8.63
8.60
8.60
8.62
8.61
8.60
8.64
8.68
8.67
8.68
8.74
8.74
8.74
8.82
8.82
8.84
8.88
8.92
8.95
9.00
9.03
9.09
9.11
9.14
9.17
9.23
9.23
9.28
9.26
9.34
9.35
9.35
9.41
9.38
9.43
9.41
9.41
9.47
9.48
9.48
9.48
9.48
9.48
9.48
9.50
9.48
9.48
9.50
9.49
9.49
9.49
9.49
9.49
9.50
9.48
9.48
9.50
9.49
9.48
9.51
9.48
9.43
9.42
9.41
9.41
9.42
9.37
9.34
9.34
9.34
9.33
9.25
9.27
9.26
9.26
9.25
9.24
9.23
9.21
9.16
9.16
9.15
9.10
9.09
9.08
9.03
9.03
9.02
8.94
8.96
8.93
8.88
8.89
8.82
8.81
8.81
8.76
8.74
8.74
8.73
8.68
8.68
8.68
8.69
8.66
8.61
8.62
8.61
8.61
8.61
8.61
8.57
8.56
8.62
8.60
8.61
8.62
8.61
8.61
8.61
8.64
8.67
8.68
8.69
8.75
8.75
8.75
8.81
8.81
8.87
8.88
8.88
8.94
8.95
8.95
8.95
8.95
8.98
9.01
9.02
9.02
9.04
9.02
9.02
9.03
9.07
9.07
9.08
9.11
9.08
9.09
9.10
9.09
9.09
9.11
9.13
9.09
9.11
9.11
9.09
9.09
9.10
9999.00
9.02
9.04
9.01
9.02
9.04
9.02
9.02
8.95
8.98
8.95
8.94
8.97
8.95
8.95
8.93
8.89
8.88
8.88
8.90
8.86
8.82
8.81
8.81
8.82
8.80
8.78
8.74
8.76
8.74
8.74
8.69
8.68
8.68
8.65
8.62
8.61
8.61
8.62
8.61
8.60
8.61
8.62
8.60
8.60
8.63
8.62
8.67
8.68
8.68
8.74
8.74
8.76
8.81
8.82
8.89
8.88
8.94
8.95
9.02
9.03
9.10
9.11
9.12
9.18
9.24
9.23
9.28
9.27
9.26
9.34
9.35
9.34
9.35
9.43
9.41
9.41
9.42
9.42
9.41
9.46
9.50
9.48
9.50
9.48
9.49
9.50
9.49
9.49
9.49
9.51
9.49
9.49
9.50
9.47
9.47
9.42
9.42
9.41
9.41
9.43
9.41
9.40
9.37
9.34
9.34
9.34
9.34
9.26
9.26
9.28
9.26
9.24
9.24
9.24
9.23
9.17
9.18
9.14
9.11
9.15
9.10
9.07
9.04
9.03
9.01
8.95
8.97
8.92
8.88
8.89
8.84
8.81
8.81
8.78
8.74
8.74
8.75
8.68
8.67
8.67
8.69
8.67
8.70
8.63
8.60
8.60
8.61
8.62
8.59
8.56
8.55
8.57
8.59
8.61
8.63
8.60
8.61
8.62
8.61
8.68
8.68
8.69
8.74
8.74
8.75
8.78
8.81
8.81
8.85
8.88
8.88
8.90
8.95
8.95
8.96
8.96
8.95
8.97
8.97
9.02
9.02
9.03
9.02
9.01
9.02
9.03
9.02
9.02
9.06
9.01
9.05
9.06
9.08
9.05
9.07
9.07
9.05
9.02
9.04
9.02
9999.00
9.03
9.02
9.02
9.04
9.02
9.02
8.99
8.96
8.95
8.97
8.95
8.95
8.96
8.93
8.88
8.89
8.90
8.88
8.86
8.85
8.81
8.82
8.82
8.82
8.81
8.81
8.78
8.74
8.76
8.75
8.67
8.69
8.68
8.68
8.63
8.62
8.61
8.61
8.63
8.61
8.61
8.61
8.62
8.61
8.60
8.67
8.68
8.67
8.68
8.75
8.74
8.74
8.83
8.81
8.81
8.90
8.90
8.95
8.97
9.03
9.07
9.08
9.15
9.16
9.21
9.25
9.24
9.26
9.26
9.30
9.36
9.34
9.33
9.34
9.40
9.41
9.41
9.42
9.41
9.41
9.43
9.41
9.41
9.41
9.48
9.44
9.47
9.50
9.49
9.48
9.45
9.44
9.41
9.41
9.42
9.41
9.41
9.43
9.41
9.41
9.37
9.34
9.34
9.34
9.35
9.34
9.26
9.28
9.26
9.26
9.25
9.23
9.24
9.25
9.18
9.16
9.17
9.15
9.13
9.09
9.10
9.01
9.02
9.04
8.99
8.95
8.97
8.88
8.88
8.89
8.85
8.81
8.81
8.75
8.74
8.74
8.76
8.73
8.67
8.69
8.68
8.68
8.68
8.69
8.68
8.64
8.62
8.61
8.61
8.61
8.62
8.61
8.60
8.63
8.61
8.61
8.62
8.65
8.67
8.68
8.69
8.72
8.74
8.76
8.77
8.81
8.82
8.83
8.87
8.88
8.90
8.88
8.95
8.97
8.95
8.95
8.95
8.98
8.98
9.02
9.04
9.02
9.02
9.03
9.02
9.02
9.02
9.04
9.02
9.01
9.04
9.02
9.01
9.03
9.02
9.01
9.03
9.04
9.02
9.02
9999.00
9.02
9.03
9.03
9.01
9.01
9.04
9.02
8.98
8.98
8.96
8.95
8.96
8.96
8.95
8.95
8.90
8.88
8.88
8.89
8.89
8.85
8.81
8.83
8.81
8.81
8.82
8.82
8.81
8.79
8.75
8.74
8.75
8.69
8.68
8.67
8.69
8.69
8.68
8.68
8.69
8.68
8.67
8.68
8.68
8.67
8.68
8.69
8.74
8.74
8.76
8.76
8.81
8.83
8.87
8.88
8.88
8.97
8.94
9.03
9.03
9.09
9.09
9.18
9.16
9.23
9.24
9.24
9.26
9.27
9.28
9.34
9.34
9.36
9.33
9.41
9.42
9.42
9.41
9.41
9.43
9.41
9.40
9.43
9.44
9.44
9.48
9.49
9.49
9.47
9.44
9.47
9.41
9.43
9.41
9.41
9.43
9.41
9.41
9.42
9.42
9.35
9.34
9.35
9.34
9.33
9.35
9.27
9.26
9.26
9.28
9.26
9.23
9.25
9.23
9.20
9.18
9.17
9.16
9.13
9.12
9.09
9.10
9.02
9.02
9.04
8.95
8.95
8.97
8.88
8.88
8.89
8.83
8.81
8.81
8.81
8.75
8.74
8.75
8.75
8.75
8.74
8.76
8.74
8.72
8.71
8.68
8.68
8.68
8.69
8.66
8.67
8.69
8.67
8.68
8.69
8.68
8.68
8.68
8.76
8.74
8.74
8.78
8.81
8.81
8.82
8.89
8.89
8.90
8.90
8.95
8.97
8.96
8.95
8.96
9.01
9.02
9.02
9.03
9.01
9.02
9.04
9.02
9.02
9.02
9.02
9.02
9.03
9.03
9.04
9.06
9.05
9.06
9.05
9.09
9.03
9.04
9.04
9.01
9.01
9.03
9999.00
9.07
9.07
9.03
9.04
9.03
9.02
9.02
9.03
9.03
9.02
9.00
8.97
8.95
8.95
8.96
8.93
8.95
8.88
8.90
8.88
8.88
8.90
8.89
8.88
8.89
8.89
8.84
8.83
8.83
8.81
8.81
8.78
8.75
8.74
8.75
8.75
8.74
8.74
8.76
8.74
8.75
8.76
8.74
8.74
8.75
8.75
8.74
8.81
8.81
8.82
8.82
8.89
8.89
8.90
8.95
8.97
8.99
8.99
9.08
9.09
9.14
9.16
9.19
9.21
9.23
9.28
9.26
9.27
9.35
9.35
9.34
9.37
9.43
9.41
9.41
9.44
9.41
9.41
9.46
9.50
9.49
9.48
9.50
9.49
9.48
9.50
9.48
9.48
9.49
9.50
9.48
9.49
9.51
9.42
9.44
9.43
9.41
9.41
9.42
9.42
9.41
9.38
9.36
9.34
9.34
9.35
9.34
9.33
9.27
9.26
9.26
9.27
9.25
9.22
9.21
9.18
9.17
9.16
9.18
9.14
9.11
9.10
9.10
9.02
9.02
9.04
8.95
8.95
8.97
8.91
8.88
8.89
8.89
8.85
8.81
8.81
8.80
8.82
8.82
8.81
8.78
8.80
8.76
8.74
8.77
8.74
8.74
8.76
8.75
8.74
8.72
8.74
8.75
8.75
8.76
8.74
8.74
8.76
8.80
8.81
8.81
8.85
8.87
8.89
8.89
8.95
8.96
8.96
8.95
9.02
9.03
9.03
9.03
9.02
9.02
9.08
9.09
9.09
9.07
9.11
9.07
9.09
9.11
9.11
9.09
9.10
9.12
9.09
9.11
9.11
9.07
9.10
9.11
9.09
9.11
9.10
9.10
9.09
9.09
9.10
9999.00
9.11
9.09
9.08
9.09
9.11
9.06
9.04
9.04
9.02
9.01
9.03
9.03
9.02
8.97
8.96
8.95
8.95
8.97
8.95
8.94
8.89
8.88
8.89
8.90
8.88
8.88
8.90
8.87
8.88
8.89
8.88
8.81
8.81
8.81
8.80
8.82
8.82
8.82
8.82
8.80
8.81
8.82
8.83
8.81
8.81
8.88
8.89
8.88
8.88
8.94
8.94
8.95
8.96
9.03
9.02
9.02
9.10
9.11
9.14
9.18
9.20
9.24
9.25
9.27
9.26
9.31
9.33
9.33
9.37
9.43
9.41
9.41
9.45
9.50
9.49
9.49
9.50
9.49
9.49
9.50
9.49
9.49
9.49
9.50
9.49
9.48
9.49
9.51
9.49
9.50
9.49
9.49
9.51
9.48
9.48
9.49
9.49
9.44
9.42
9.41
9.41
9.43
9.41
9.41
9.36
9.33
9.36
9.34
9.32
9.27
9.28
9.26
9.26
9.24
9.23
9.23
9.22
9.17
9.16
9.17
9.15
9.11
9.09
9.08
9.02
9.00
9.03
8.96
8.95
8.95
8.94
8.89
8.88
8.89
8.86
8.88
8.82
8.83
8.81
8.81
8.83
8.81
8.82
8.83
8.82
8.81
8.78
8.78
8.74
8.75
8.76
8.75
8.75
8.75
8.78
8.81
8.81
8.83
8.82
8.81
8.86
8.88
8.89
8.90
8.93
8.95
8.98
9.02
9.02
9.03
9.05
9.08
9.10
9.11
9.09
9.11
9.10
9.09
9.12
9.12
9.12
9.13
9.15
9.16
9.13
9.12
9.18
9.13
9.12
9.13
9.14
9.14
9.15
9.18
9.09
9.11
9.13
9.09
9.11
9.11
9999.00
9.10
9.10
9.11
9.09
9.11
9.09
9.07
9.10
9.07
9.02
9.03
9.03
9.02
9.01
9.01
8.95
8.95
8.97
8.96
8.95
8.91
8.90
8.88
8.90
8.88
8.89
8.90
8.88
8.88
8.88
8.89
8.88
8.87
8.88
8.86
8.84
8.90
8.89
8.88
8.86
8.89
8.88
8.88
8.90
8.86
8.95
8.96
8.96
8.95
8.98
9.01
9.02
9.02
9.09
9.09
9.09
9.17
9.17
9.16
9.23
9.25
9.26
9.26
9.33
9.34
9.34
9.41
9.43
9.41
9.41
9.48
9.46
9.48
9.47
9.47
9.50
9.52
9.52
9.53
9.58
9.56
9.56
9.57
9.55
9.56
9.58
9.56
9.54
9.58
9.54
9.54
9.50
9.49
9.48
9.49
9.50
9.46
9.49
9.50
9.43
9.41
9.42
9.42
9.41
9.41
9.35
9.34
9.33
9.36
9.30
9.27
9.28
9.27
9.24
9.23
9.23
9.21
9.17
9.18
9.17
9.17
9.13
9.10
9.09
9.02
9.04
9.02
9.01
8.94
8.96
8.95
8.91
8.90
8.88
8.88
8.90
8.87
8.86
8.82
8.82
8.81
8.81
8.83
8.81
8.81
8.84
8.79
8.79
8.81
8.81
8.83
8.81
8.81
8.81
8.83
8.81
8.81
8.83
8.83
8.90
8.88
8.88
8.89
8.96
8.95
8.95
9.03
9.02
9.06
9.08
9.09
9.14
9.10
9.11
9.14
9.17
9.18
9.16
9.15
9.17
9.17
9.16
9.15
9.18
9.14
9.16
9.18
9.16
9.16
9.18
9.17
9.16
9.16
9.15
9.16
9.16
9.17
9.16
9.12
9.12
9999.00
9.10
9.11
9.11
9.09
9.11
9.10
9.08
9.10
9.10
9.02
9.03
9.02
9.02
9.02
9.03
8.99
8.96
8.96
8.93
8.95
8.96
8.89
8.88
8.88
8.89
8.88
8.88
8.90
8.88
8.88
8.89
8.89
8.86
8.88
8.90
8.85
8.88
8.90
8.88
8.88
8.89
8.89
8.90
8.95
8.96
8.95
8.95
8.97
9.01
9.02
9.04
9.02
9.04
9.09
9.11
9.10
9.17
9.18
9.22
9.21
9.27
9.27
9.26
9.34
9.35
9.40
9.41
9.43
9.46
9.48
9.50
9.49
9.48
9.54
9.56
9.57
9.58
9.56
9.56
9.57
9.57
9.56
9.57
9.57
9.56
9.59
9.58
9.57
9.56
9.56
9.56
9.55
9.55
9.48
9.49
9.49
9.50
9.48
9.48
9.48
9.44
9.41
9.43
9.42
9.41
9.36
9.35
9.33
9.34
9.33
9.27
9.26
9.26
9.27
9.21
9.21
9.22
9.22
9.17
9.18
9.16
9.13
9.10
9.10
9.09
9.00
9.03
9.02
8.96
8.95
8.95
8.96
8.92
8.88
8.89
8.88
8.88
8.89
8.89
8.87
8.84
8.83
8.81
8.81
8.83
8.81
8.81
8.82
8.82
8.81
8.82
8.83
8.81
8.81
8.83
8.84
8.86
8.89
8.89
8.89
8.88
8.95
8.95
8.95
8.96
9.02
9.02
9.03
9.08
9.10
9.11
9.13
9.11
9.16
9.18
9.17
9.16
9.17
9.17
9.16
9.16
9.18
9.16
9.17
9.18
9.17
9.16
9.17
9.17
9.16
9.16
9.18
9.16
9.16
9.18
9.17
9.16
9.17
9.17
9.15
9999.00
9.16
9.16
9.13
9.09
9.15
9.10
9.09
9.09
9.10
9.09
9.05
9.04
9.02
9.04
9.03
9.02
8.98
8.96
8.95
8.95
8.97
8.91
8.88
8.90
8.88
8.88
8.89
8.89
8.88
8.88
8.90
8.88
8.88
8.89
8.89
8.88
8.86
8.90
8.88
8.88
8.90
8.94
8.92
8.96
8.96
8.95
8.98
9.01
9.02
9.02
9.03
9.02
9.09
9.09
9.11
9.12
9.16
9.19
9.22
9.23
9.27
9.26
9.34
9.36
9.41
9.41
9.43
9.49
9.49
9.49
9.50
9.54
9.57
9.59
9.56
9.56
9.58
9.56
9.56
9.57
9.57
9.56
9.56
9.57
9.56
9.56
9.58
9.56
9.56
9.57
9.57
9.56
9.56
9.53
9.48
9.49
9.50
9.48
9.50
9.49
9.49
9.42
9.43
9.41
9.41
9.43
9.34
9.34
9.35
9.34
9.32
9.27
9.27
9.26
9.26
9.25
9.23
9.20
9.23
9.17
9.16
9.17
9.16
9.12
9.11
9.09
9.02
9.04
9.02
9.01
9.01
8.95
8.94
8.95
8.97
8.93
8.91
8.90
8.89
8.88
8.89
8.89
8.88
8.89
8.89
8.88
8.89
8.90
8.88
8.88
8.89
8.89
8.88
8.86
8.90
8.88
8.89
8.92
8.91
8.95
8.95
8.96
8.97
9.02
9.03
9.02
9.10
9.11
9.11
9.15
9.17
9.17
9.16
9.16
9.19
9.16
9.16
9.18
9.21
9.21
9.23
9.19
9.17
9.22
9.22
9.18
9.19
9.18
9.16
9.18
9.16
9.16
9.18
9.17
9.17
9.17
9.17
9.16
9.16
9.18
9999.00
9.18
9.17
9.14
9.15
9.17
9.09
9.13
9.11
9.10
9.10
9.11
9.09
9.02
9.03
9.03
9.02
9.02
9.01
8.95
8.95
8.96
8.95
8.95
8.92
8.89
8.89
8.88
8.90
8.89
8.88
8.90
8.88
8.88
8.89
8.90
8.88
8.88
8.90
8.93
8.93
8.96
8.95
8.95
8.96
9.03
9.02
9.02
9.04
9.02
9.03
9.02
9.09
9.11
9.09
9.16
9.18
9.17
9.21
9.21
9.27
9.26
9.33
9.36
9.39
9.41
9.43
9.49
9.50
9.49
9.49
9.57
9.57
9.56
9.56
9.58
9.56
9.56
9.57
9.60
9.63
9.59
9.65
9.60
9.64
9.66
9.60
9.56
9.58
9.56
9.56
9.57
9.58
9.55
9.56
9.59
9.56
9.51
9.50
9.49
9.49
9.49
9.50
9.42
9.41
9.43
9.41
9.41
9.39
9.34
9.34
9.34
9.34
9.27
9.27
9.27
9.27
9.26
9.22
9.19
9.21
9.20
9.18
9.17
9.18
9.17
9.09
9.10
9.10
9.02
9.02
9.04
9.02
9.00
8.96
8.95
8.95
8.96
8.96
8.95
8.96
8.97
8.95
8.95
8.95
8.90
8.88
8.90
8.90
8.88
8.88
8.91
8.91
8.96
8.95
8.95
8.95
8.97
8.95
8.95
9.01
9.02
9.02
9.03
9.03
9.08
9.09
9.11
9.14
9.16
9.18
9.17
9.18
9.17
9.20
9.19
9.20
9.20
9.20
9.22
9.20
9.22
9.23
9.20
9.21
9.23
9.21
9.20
9.21
9.20
9.19
9.16
9.20
9.17
9.18
9.16
9.18
9.17
9.16
9.18
9.17
9999.00
9.17
9.16
9.17
9.16
9.16
9.15
9.11
9.10
9.11
9.12
9.11
9.09
9.05
9.04
9.02
9.03
9.04
9.02
9.02
8.96
8.96
8.95
8.95
8.97
8.95
8.93
8.94
8.96
8.94
8.94
8.92
8.90
8.90
8.94
8.95
8.97
8.95
8.95
8.97
8.95
8.96
9.04
9.02
9.02
9.03
9.03
9.02
9.02
9.04
9.04
9.09
9.11
9.11
9.16
9.17
9.19
9.20
9.23
9.28
9.27
9.34
9.35
9.37
9.41
9.43
9.49
9.49
9.49
9.52
9.56
9.56
9.58
9.57
9.57
9.58
9.58
9.64
9.60
9.62
9.64
9.62
9.66
9.63
9.64
9.60
9.62
9.63
9.60
9.57
9.56
9.56
9.58
9.56
9.56
9.58
9.56
9.54
9.50
9.50
9.49
9.49
9.48
9.49
9.43
9.42
9.41
9.43
9.42
9.38
9.35
9.35
9.34
9.34
9.31
9.26
9.27
9.27
9.26
9.21
9.24
9.19
9.21
9.19
9.17
9.16
9.15
9.09
9.10
9.11
9.07
9.02
9.03
9.03
9.02
9.01
9.04
8.99
8.95
8.97
8.96
8.95
8.97
8.96
8.95
8.96
8.97
8.95
8.95
8.96
8.96
8.95
8.96
8.97
8.95
8.95
9.01
9.03
9.02
9.04
9.03
9.02
9.03
9.07
9.09
9.12
9.09
9.11
9.17
9.17
9.17
9.17
9.18
9.17
9.17
9.22
9.19
9.16
9.19
9.18
9.20
9.21
9.25
9.16
9.17
9.23
9.18
9.16
9.17
9.20
9.21
9.16
9.18
9.17
9.14
9.17
9.17
9.16
9.17
9.17
9.17
9999.00
9.16
9.17
9.18
9.16
9.17
9.18
9.14
9.11
9.10
9.10
9.09
9.10
9.08
9.04
9.02
9.04
9.02
9.02
9.03
9.02
9.02
8.98
8.96
8.95
8.97
8.95
8.95
8.97
8.96
8.95
8.96
8.96
8.95
8.95
8.97
8.95
8.95
8.99
8.98
9.02
9.02
9.04
9.01
9.02
9.07
9.04
9.09
9.11
9.10
9.10
9.10
9.15
9.17
9.20
9.18
9.22
9.20
9.27
9.26
9.26
9.34
9.35
9.42
9.41
9.46
9.49
9.49
9.54
9.55
9.56
9.57
9.57
9.56
9.56
9.59
9.58
9.60
9.63
9.64
9.62
9.63
9.65
9.62
9.62
9.66
9.64
9.61
9.61
9.58
9.56
9.57
9.56
9.59
9.56
9.57
9.58
9.56
9.48
9.49
9.49
9.48
9.48
9.51
9.49
9.42
9.43
9.41
9.41
9.42
9.39
9.34
9.35
9.35
9.34
9.34
9.28
9.27
9.27
9.28
9.23
9.23
9.22
9.17
9.18
9.17
9.16
9.11
9.09
9.11
9.09
9.09
9.03
9.03
9.02
9.02
9.04
9.02
9.02
9.04
9.02
9.00
8.98
8.96
8.95
8.95
8.97
8.95
8.98
8.96
8.95
8.95
8.99
9.03
9.04
9.03
9.02
9.02
9.04
9.03
9.07
9.11
9.09
9.09
9.10
9.10
9.13
9.17
9.18
9.17
9.17
9.20
9.18
9.20
9.22
9.18
9.18
9.19
9.19
9.18
9.20
9.21
9.19
9.19
9.20
9.17
9.22
9.19
9.16
9.17
9.17
9.17
9.19
9.18
9.19
9.16
9.18
9.16
9.18
9.18
9.17
9999.00
9.18
9.16
9.16
9.18
9.16
9.14
9.17
9.10
9.09
9.10
9.10
9.09
9.11
9.02
9.02
9.03
9.03
9.02
9.02
9.04
9.02
9.02
9.04
9.02
8.98
8.96
8.95
8.95
8.98
8.97
8.97
8.97
8.97
8.99
8.98
9.04
9.03
9.03
9.03
9.03
9.02
9.02
9.11
9.09
9.09
9.11
9.10
9.10
9.11
9.09
9.09
9.18
9.17
9.21
9.22
9.20
9.23
9.26
9.28
9.33
9.35
9.38
9.42
9.43
9.49
9.49
9.50
9.56
9.56
9.57
9.58
9.56
9.56
9.58
9.56
9.58
9.56
9.56
9.57
9.57
9.60
9.59
9.57
9.60
9.58
9.58
9.58
9.56
9.58
9.56
9.56
9.58
9.57
9.56
9.57
9.58
9.52
9.49
9.51
9.48
9.49
9.50
9.49
9.49
9.45
9.42
9.41
9.42
9.43
9.33
9.34
9.36
9.34
9.34
9.35
9.31
9.26
9.27
9.28
9.25
9.24
9.20
9.18
9.16
9.18
9.14
9.10
9.11
9.09
9.09
9.10
9.11
9.09
9.04
9.04
9.02
9.02
9.04
9.02
9.02
9.04
9.02
9.02
9.04
9.02
9.03
9.02
9.02
9.02
9.04
9.02
9.02
9.04
9.02
9.02
9.04
9.03
9.08
9.10
9.09
9.09
9.09
9.11
9.11
9.08
9.13
9.16
9.17
9.18
9.16
9.16
9.20
9.16
9.21
9.16
9.21
9.18
9.19
9.18
9.19
9.16
9.18
9.19
9.19
9.17
9.17
9.16
9.17
9.18
9.18
9.19
9.18
9.19
9.17
9.18
9.16
9.16
9.17
9.17
9.17
9999.00
9.17
9.18
9.17
9.17
9.18
9.17
9.13
9.13
9.09
9.09
9.10
9.10
9.09
9.09
9.04
9.02
9.02
9.04
9.02
9.03
9.03
9.03
9.03
9.03
9.03
9.02
9.02
9.04
9.02
9.04
9.02
9.02
9.04
9.03
9.02
9.03
9.03
9.02
9.03
9.08
9.09
9.09
9.13
9.09
9.09
9.10
9.10
9.10
9.09
9.18
9.14
9.16
9.21
9.21
9.21
9.25
9.27
9.26
9.34
9.36
9.34
9.41
9.43
9.41
9.49
9.49
9.48
9.56
9.57
9.56
9.56
9.58
9.56
9.56
9.58
9.56
9.56
9.58
9.57
9.56
9.57
9.58
9.56
9.57
9.58
9.56
9.56
9.58
9.56
9.56
9.58
9.56
9.56
9.57
9.58
9.52
9.49
9.50
9.49
9.48
9.51
9.49
9.49
9.50
9.42
9.41
9.42
9.43
9.41
9.34
9.36
9.34
9.34
9.36
9.33
9.29
9.28
9.26
9.26
9.28
9.22
9.21
9.17
9.22
9.16
9.16
9.11
9.13
9.11
9.09
9.10
9.11
9.09
9.09
9.10
9.09
9.02
9.03
9.04
9.02
9.01
9.04
9.02
9.02
9.04
9.03
9.02
9.03
9.03
9.02
9.02
9.04
9.02
9.02
9.04
9.05
9.09
9.11
9.10
9.09
9.09
9.13
9.10
9.11
9.11
9.12
9.13
9.17
9.16
9.17
9.17
9.18
9.16
9.17
9.21
9.17
9.16
9.20
9.18
9.19
9.18
9.22
9.17
9.20
9.18
9.17
9.16
9.18
9.17
9.17
9.17
9.16
9.18
9.20
9.17
9.16
9.20
9.17
9.16
9.17
9999.00
9.18
9.20
9.16
9.20
9.18
9.20
9.18
9.16
9.14
9.12
9.10
9.09
9.10
9.10
9.07
9.07
9.10
9.03
9.02
9.06
9.02
9.02
9.04
9.02
9.02
9.03
9.03
9.02
9.02
9.03
9.02
9.02
9.04
9.02
9.02
9.04
9.05
9.07
9.10
9.10
9.09
9.09
9.11
9.13
9.14
9.13
9.15
9.17
9.18
9.17
9.19
9.19
9.22
9.23
9.24
9.27
9.27
9.27
9.34
9.34
9.36
9.41
9.42
9.43
9.49
9.48
9.50
9.51
9.56
9.57
9.57
9.56
9.56
9.58
9.56
9.56
9.58
9.56
9.56
9.58
9.56
9.56
9.57
9.56
9.57
9.58
9.56
9.56
9.58
9.56
9.56
9.55
9.53
9.48
9.50
9.49
9.48
9.49
9.49
9.49
9.49
9.50
9.47
9.44
9.43
9.41
9.41
9.42
9.40
9.35
9.34
9.35
9.34
9.34
9.31
9.26
9.28
9.27
9.26
9.25
9.25
9.20
9.24
9.24
9.16
9.16
9.17
9.09
9.10
9.10
9.10
9.09
9.09
9.11
9.09
9.10
9.11
9.09
9.09
9.11
9.06
9.03
9.05
9.04
9.02
9.04
9.09
9.04
9.05
9.09
9.09
9.09
9.10
9.10
9.09
9.10
9.10
9.10
9.09
9.11
9.11
9.09
9.14
9.12
9.10
9.11
9.15
9.16
9.17
9.16
9.20
9.19
9.18
9.20
9.17
9.18
9.19
9.17
9.16
9.25
9.21
9.21
9.23
9.20
9.18
9.20
9.25
9.22
9.20
9.21
9.19
9.21
9.20
9.21
9.20
9.20
9.21
9.23
9.23
9.20
9999.00
9.23
9.23
9.19
9.23
9.23
9.21
9.22
9.19
9.22
9.20
9.20
9.16
9.13
9.11
9.09
9.09
9.10
9.10
9.10
9.10
9.10
9.09
9.09
9.10
9.05
9.05
9.04
9.08
9.06
9.06
9.06
9.06
9.09
9.11
9.09
9.09
9.11
9.09
9.09
9.12
9.13
9.16
9.18
9.16
9.16
9.20
9.17
9.19
9.18
9.14
9.17
9.19
9.18
9.21
9.22
9.21
9.23
9.31
9.27
9.29
9.38
9.36
9.36
9.43
9.44
9.44
9.45
9.45
9.52
9.51
9.53
9.51
9.52
9.53
9.51
9.50
9.48
9.49
9.51
9.51
9.53
9.51
9.52
9.54
9.51
9.52
9.53
9.52
9.52
9.49
9.48
9.45
9.48
9.47
9.45
9.45
9.46
9.44
9.44
9.46
9.45
9.41
9.37
9.37
9.38
9.37
9.37
9.37
9.33
9.30
9.29
9.32
9.29
9.29
9.31
9.22
9.21
9.23
9.23
9.21
9.21
9.21
9.19
9.12
9.14
9.12
9.12
9.13
9.12
9.12
9.09
9.06
9.05
9.04
9.06
9.04
9.05
9.05
9.05
9.06
9.05
9.05
9.06
9.05
9.05
9.04
9.07
9.05
9.05
9.07
9.05
9.05
9.06
9.06
9.05
9.05
9.13
9.12
9.12
9.14
9.12
9.12
9.14
9.13
9.11
9.14
9.13
9.13
9.15
9.16
9.20
9.20
9.21
9.19
9.19
9.23
9.21
9.21
9.24
9.21
9.22
9.22
9.23
9.22
9.21
9.23
9.21
9.23
9.23
9.22
9.20
9.24
9.22
9.23
9.22
9.22
9.21
9.23
9.23
9.21
9999.00
9.37
9.37
9.39
9.37
9.32
9.31
9.31
9.24
9.22
9.23
9.21
9.22
9.22
9.20
9.14
9.14
9.13
9.13
9.14
9.11
9.07
9.08
9.05
9.06
9.07
9.05
9.07
9.06
9.05
9.07
9.05
9.05
9.05
9.06
9.06
9.07
9.07
9.11
9.13
9.15
9.13
9.12
9.13
9.13
9.13
9.14
9.18
9.15
9.20
9.21
9.20
9.22
9.21
9.22
9.22
9.24
9.31
9.30
9.31
9.36
9.38
9.38
9.39
9.44
9.45
9.47
9.45
9.45
9.47
9.48
9.45
9.45
9.47
9.45
9.45
9.47
9.45
9.45
9.47
9.45
9.48
9.48
9.46
9.46
9.45
9.47
9.45
9.45
9.47
9.45
9.46
9.46
9.45
9.45
9.47
9.45
9.45
9.47
9.45
9.46
9.46
9.41
9.38
9.38
9.40
9.38
9.40
9.32
9.30
9.32
9.30
9.31
9.31
9.31
9.30
9.24
9.24
9.22
9.21
9.22
9.20
9.19
9.22
9.20
9.19
9.14
9.13
9.13
9.14
9.14
9.13
9.12
9.14
9.11
9.08
9.10
9.08
9.06
9.07
9.06
9.06
9.06
9.07
9.05
9.08
9.07
9.06
9.13
9.13
9.13
9.13
9.15
9.13
9.15
9.13
9.13
9.16
9.18
9.20
9.20
9.21
9.19
9.20
9.23
9.20
9.21
9.22
9.23
9.22
9.26
9.31
9.31
9.31
9.35
9.38
9.37
9.40
9.38
9.41
9.47
9.46
9.45
9.46
9.47
9.45
9.46
9.47
9.46
9.46
9.49
9.48
9.46
9.45
9.46
9.47
9.46
9.46
9.46
9.47
9.39
9999.00
9.76
9.69
9.70
9.68
9.60
9.61
9.61
9.52
9.53
9.47
9.46
9.45
9.40
9.38
9.31
9.32
9.25
9.21
9.24
9.20
9.21
9.22
9.16
9.14
9.15
9.13
9.12
9.14
9.14
9.14
9.13
9.15
9.13
9.13
9.14
9.13
9.12
9.15
9.14
9.13
9.16
9.21
9.21
9.21
9.22
9.20
9.20
9.24
9.20
9.20
9.23
9.22
9.23
9.23
9.31
9.30
9.31
9.32
9.32
9.39
9.40
9.38
9.38
9.44
9.46
9.46
9.46
9.46
9.45
9.46
9.48
9.45
9.46
9.48
9.46
9.45
9.47
9.45
9.47
9.46
9.45
9.47
9.46
9.47
9.48
9.46
9.46
9.46
9.47
9.46
9.46
9.47
9.46
9.46
9.48
9.45
9.46
9.47
9.45
9.44
9.41
9.40
9.38
9.38
9.40
9.39
9.38
9.40
9.32
9.31
9.32
9.31
9.31
9.32
9.31
9.28
9.24
9.25
9.22
9.23
9.24
9.22
9.20
9.22
9.22
9.20
9.21
9.19
9.17
9.14
9.15
9.13
9.14
9.15
9.13
9.13
9.14
9.13
9.13
9.13
9.14
9.13
9.15
9.13
9.13
9.17
9.14
9.15
9.17
9.22
9.21
9.20
9.22
9.20
9.21
9.24
9.22
9.22
9.28
9.31
9.30
9.32
9.38
9.38
9.39
9.46
9.46
9.52
9.53
9.53
9.62
9.60
9.61
9.70
9.69
9.69
9.75
9.77
9.78
9.77
9.82
9.85
9.85
9.86
9.84
9.85
9.88
9.85
9.84
9.86
9.84
9.85
9.86
9.85
9.86
9.86
9.83
9.77
9.77
9.78
9999.00
10.26
10.19
10.20
10.18
10.12
10.11
10.02
10.03
9.94
9.93
9.95
9.84
9.80
9.78
9.68
9.67
9.62
9.53
9.53
9.47
9.42
9.38
9.37
9.32
9.30
9.22
9.23
9.22
9.20
9.23
9.21
9.21
9.22
9.20
9.20
9.21
9.21
9.21
9.21
9.22
9.20
9.21
9.22
9.20
9.24
9.21
9.23
9.22
9.21
9.22
9.23
9.25
9.31
9.30
9.33
9.30
9.36
9.40
9.38
9.39
9.40
9.44
9.46
9.47
9.47
9.46
9.47
9.46
9.46
9.49
9.51
9.47
9.49
9.50
9.47
9.45
9.48
9.51
9.50
9.55
9.51
9.53
9.54
9.53
9.53
9.54
9.53
9.53
9.52
9.52
9.47
9.46
9.48
9.46
9.46
9.48
9.46
9.46
9.46
9.47
9.46
9.45
9.48
9.46
9.43
9.40
9.39
9.38
9.40
9.38
9.38
9.40
9.32
9.31
9.31
9.32
9.31
9.31
9.33
9.32
9.24
9.25
9.24
9.23
9.23
9.21
9.22
9.21
9.22
9.23
9.20
9.20
9.22
9.20
9.21
9.23
9.21
9.20
9.22
9.21
9.22
9.23
9.23
9.20
9.20
9.25
9.30
9.31
9.32
9.31
9.38
9.40
9.38
9.46
9.46
9.51
9.54
9.56
9.63
9.60
9.69
9.71
9.77
9.83
9.87
9.93
9.93
10.03
10.02
10.11
10.15
10.18
10.21
10.23
10.28
10.30
10.27
10.32
10.37
10.36
10.39
10.36
10.37
10.38
10.36
10.37
10.38
10.37
10.38
10.36
10.37
10.36
10.36
10.38
10.36
10.37
10.32
10.27
10.29
10.27
9999.00
10.88
10.85
10.80
10.77
10.79
10.78
10.79
10.68
10.70
10.59
10.58
10.47
10.45
10.38
10.32
10.27
10.20
10.11
10.02
10.01
9.93
9.85
9.79
9.69
9.68
9.63
9.53
9.51
9.47
9.46
9.38
9.39
9.40
9.35
9.31
9.32
9.30
9.31
9.32
9.31
9.30
9.32
9.31
9.31
9.32
9.31
9.31
9.31
9.32
9.30
9.31
9.37
9.38
9.40
9.38
9.39
9.40
9.44
9.46
9.47
9.47
9.46
9.46
9.54
9.52
9.53
9.55
9.53
9.53
9.55
9.53
9.54
9.55
9.54
9.53
9.54
9.54
9.55
9.54
9.62
9.60
9.61
9.63
9.61
9.60
9.63
9.61
9.61
9.62
9.60
9.62
9.62
9.61
9.61
9.60
9.61
9.58
9.58
9.56
9.53
9.55
9.53
9.53
9.55
9.54
9.53
9.55
9.54
9.53
9.52
9.49
9.47
9.46
9.48
9.45
9.47
9.47
9.46
9.46
9.48
9.42
9.42
9.40
9.38
9.39
9.40
9.39
9.39
9.39
9.39
9.38
9.39
9.40
9.38
9.38
9.41
9.41
9.45
9.47
9.47
9.45
9.55
9.54
9.54
9.61
9.62
9.63
9.69
9.70
9.77
9.84
9.88
9.93
10.02
10.06
10.10
10.20
10.28
10.36
10.48
10.51
10.57
10.69
10.78
10.90
10.87
10.98
10.99
10.97
11.10
11.10
11.10
11.09
11.10
11.09
11.08
11.02
11.04
11.01
10.97
10.99
10.99
10.97
11.00
10.98
10.97
10.99
10.98
10.99
10.98
10.98
11.00
10.97
10.98
10.96
10.91
10.89
10.87
10.87
10.90
9999.00
11.67
11.53
11.52
11.55
11.52
11.55
11.53
11.41
11.43
11.41
11.41
11.43
11.36
11.32
11.29
11.20
11.22
11.08
11.01
10.97
10.87
10.80
10.68
10.56
10.44
10.29
10.19
10.11
10.11
10.04
9.93
9.85
9.87
9.77
9.76
9.70
9.69
9.61
9.61
9.62
9.54
9.55
9.53
9.53
9.55
9.53
9.54
9.54
9.53
9.54
9.54
9.53
9.54
9.55
9.53
9.60
9.63
9.61
9.61
9.63
9.61
9.65
9.70
9.69
9.69
9.70
9.70
9.69
9.70
9.78
9.77
9.76
9.79
9.77
9.76
9.79
9.77
9.77
9.78
9.77
9.80
9.86
9.86
9.85
9.85
9.86
9.85
9.85
9.87
9.85
9.85
9.87
9.85
9.84
9.87
9.85
9.85
9.87
9.85
9.85
9.87
9.86
9.85
9.86
9.85
9.87
9.86
9.84
9.85
9.85
9.84
9.86
9.86
9.85
9.86
9.87
9.85
9.84
9.86
9.82
9.83
9.86
9.83
9.84
9.87
9.85
9.85
9.87
9.85
9.85
9.87
9.86
9.95
9.94
9.94
10.04
10.02
10.02
10.12
10.12
10.20
10.24
10.28
10.38
10.45
10.54
10.59
10.71
10.81
10.97
11.08
11.21
11.29
11.42
11.59
11.89
11.80
11.89
12.01
12.18
12.14
12.15
12.20
12.27
12.30
12.28
12.18
12.15
12.14
12.16
12.14
12.14
12.07
12.01
12.04
12.02
12.01
12.00
11.99
11.89
11.90
11.89
11.91
11.86
11.76
11.79
11.77
11.78
11.77
11.76
11.79
11.76
11.70
11.67
11.65
11.66
11.66
11.65
11.67
11.64
9999.00
12.84
12.79
12.77
12.72
12.71
12.68
12.63
12.56
12.56
12.58
12.41
12.44
12.42
12.48
12.59
12.41
12.41
12.43
12.39
12.39
12.28
12.22
12.17
12.08
11.88
11.78
11.65
11.53
11.40
11.32
11.19
10.98
10.89
10.78
10.69
10.64
10.57
10.48
10.37
10.27
10.28
10.19
10.20
10.18
10.09
10.13
10.10
10.11
10.02
10.01
10.04
10.01
10.02
10.04
10.01
10.03
10.08
10.10
10.12
10.10
10.10
10.11
10.13
10.21
10.18
10.19
10.20
10.18
10.22
10.27
10.27
10.29
10.27
10.27
10.39
10.36
10.37
10.36
10.38
10.45
10.45
10.46
10.45
10.47
10.52
10.58
10.60
10.57
10.58
10.59
10.63
10.69
10.67
10.69
10.67
10.67
10.70
10.70
10.72
10.79
10.77
10.80
10.78
10.77
10.79
10.77
10.80
10.79
10.77
10.84
10.87
10.88
10.89
10.88
10.89
10.88
10.87
10.90
10.94
10.99
10.98
10.98
11.00
11.05
11.09
11.11
11.09
11.21
11.19
11.30
11.33
11.40
11.40
11.50
11.52
11.66
11.71
11.76
11.91
12.01
12.14
12.27
12.42
12.47
12.56
12.69
12.88
12.95
13.00
13.18
13.16
13.34
13.31
13.48
13.46
13.54
13.61
13.61
13.70
13.79
13.81
13.82
13.81
13.85
13.80
13.81
13.84
13.80
13.80
13.81
13.80
13.83
13.81
13.79
13.66
13.60
13.62
13.65
13.61
13.65
13.50
13.46
13.49
13.47
13.47
13.33
13.30
13.34
13.31
13.25
13.19
13.15
13.15
13.17
12.99
13.01
13.00
13.00
12.89
12.84
9999.00
14.44
14.34
14.36
14.34
14.29
14.17
14.14
14.00
14.34
14.52
14.44
14.38
13.99
13.81
13.80
13.82
13.61
13.65
13.63
13.46
13.48
13.48
13.42
13.29
13.33
13.20
13.15
13.18
13.00
13.03
12.99
12.85
12.89
12.69
12.70
12.55
12.48
12.42
12.63
12.27
12.15
12.01
11.88
11.91
11.76
11.78
11.66
11.65
11.55
11.53
11.52
11.46
11.41
11.43
11.41
11.41
11.44
11.42
11.41
11.46
11.53
11.55
11.52
11.52
11.66
11.64
11.66
11.75
11.77
11.78
11.76
11.89
11.91
11.98
12.02
12.02
12.14
12.18
12.14
12.30
12.32
12.42
12.43
12.41
12.43
12.51
12.56
12.58
12.65
12.69
12.72
12.70
12.85
12.84
12.86
12.87
12.88
13.01
12.98
13.00
13.03
12.99
13.01
13.16
13.15
13.19
13.15
13.16
13.19
13.15
13.15
13.17
13.15
13.18
13.19
13.25
13.28
13.30
13.30
13.32
13.30
13.34
13.31
13.30
13.34
13.30
13.46
13.48
13.46
13.49
13.45
13.47
13.65
13.62
13.62
13.80
13.80
13.81
13.93
13.99
14.00
14.12
14.17
14.18
14.33
14.37
14.53
14.53
14.71
14.71
14.74
14.91
14.89
15.19
15.15
15.15
15.40
15.38
15.38
15.59
15.58
15.60
15.58
15.58
15.75
15.75
15.80
15.85
15.82
15.78
15.72
15.71
15.64
15.58
15.60
15.58
15.59
15.62
15.54
15.38
15.38
15.37
15.42
15.37
15.21
15.25
15.15
15.14
15.09
14.90
14.92
14.92
14.86
14.75
14.71
14.71
14.69
14.53
14.52
14.57
9999.00
15.80
15.59
15.59
15.59
15.62
15.58
15.57
15.49
15.38
15.38
15.41
15.36
15.35
15.25
15.16
15.18
15.16
15.03
14.93
14.91
14.89
14.85
14.71
14.72
14.73
14.53
14.56
14.51
14.41
14.38
14.33
14.26
14.19
14.16
14.17
14.01
13.98
14.00
13.98
13.96
13.81
13.80
13.82
13.80
13.75
13.78
13.68
13.73
13.64
13.61
13.65
13.61
13.62
13.66
13.62
13.62
13.63
13.74
13.77
13.79
13.80
13.83
13.81
13.80
13.81
13.98
14.01
13.97
13.99
13.99
14.05
14.19
14.16
14.16
14.20
14.19
14.30
14.34
14.35
14.36
14.33
14.33
14.49
14.52
14.52
14.56
14.53
14.55
14.53
14.52
14.56
14.51
14.66
14.61
14.60
14.72
14.74
14.65
14.74
14.70
14.72
14.74
14.71
14.70
14.74
14.72
14.72
14.73
14.72
14.76
14.66
14.71
14.74
14.73
14.72
14.69
14.73
14.71
14.70
14.74
14.71
14.69
14.72
14.71
14.73
14.72
14.70
14.75
14.73
14.93
14.90
14.91
14.92
15.00
15.18
15.14
15.14
15.33
15.39
15.36
15.40
15.58
15.59
15.61
15.72
15.83
15.80
16.01
16.05
16.00
16.24
16.29
16.23
16.24
16.38
16.48
16.47
16.51
16.54
16.65
16.73
16.71
16.73
16.69
16.71
16.74
16.70
16.71
16.74
16.71
16.71
16.73
16.70
16.65
16.64
16.48
16.50
16.49
16.46
16.50
16.47
16.47
16.50
16.28
16.24
16.28
16.26
16.26
16.24
16.14
16.03
16.04
16.02
16.04
15.91
15.82
15.85
15.80
15.78
15.86
9999.00
16.52
16.48
16.41
16.28
16.24
16.23
16.28
16.23
16.26
16.27
16.23
16.26
16.24
16.10
16.14
16.02
16.01
16.05
16.01
16.03
16.05
15.92
15.88
15.82
15.80
15.82
15.80
15.73
15.62
15.59
15.58
15.63
15.46
15.37
15.40
15.36
15.39
15.23
15.14
15.19
15.16
15.14
15.18
14.90
14.97
14.93
14.89
14.92
14.91
14.90
14.95
14.90
14.91
14.94
14.90
14.93
14.91
14.89
14.91
14.92
14.92
14.89
14.95
15.05
15.11
15.18
15.14
15.16
15.18
15.15
15.15
15.25
15.36
15.40
15.38
15.39
15.42
15.37
15.58
15.62
15.58
15.58
15.62
15.58
15.60
15.73
15.75
15.83
15.78
15.81
15.83
15.79
15.79
15.85
15.80
15.82
15.83
15.79
15.82
15.80
15.81
15.85
15.79
15.79
15.84
15.79
15.86
15.90
15.94
15.80
15.83
15.79
15.84
15.81
15.87
15.88
16.02
16.02
16.03
16.04
15.96
16.00
16.07
16.01
16.02
16.07
16.00
16.02
16.05
16.01
16.24
16.26
16.28
16.26
16.23
16.28
16.44
16.46
16.52
16.47
16.47
16.58
16.62
16.71
16.71
16.72
16.74
16.71
16.94
16.96
16.96
16.94
16.97
16.94
16.94
17.11
17.05
17.15
17.21
17.22
17.25
17.21
17.22
17.24
17.21
17.17
17.20
17.20
17.22
17.07
17.06
17.04
16.94
16.93
16.97
16.93
16.95
16.97
16.93
16.97
16.94
16.92
16.97
16.90
16.86
16.90
16.70
16.72
16.71
16.70
16.72
16.71
16.66
16.52
16.51
16.48
16.50
16.48
16.48
16.49
9999.00
16.88
16.70
16.72
16.69
16.73
16.69
16.72
16.75
16.70
16.69
16.74
16.71
16.60
16.51
16.69
16.72
16.69
18.47
16.76
16.62
