10.20
10.17
10.15
10.15
10.14
10.14
10.14
10.16
10.16
10.14
10.10
10.09
10.07
10.05
10.06
10.08
10.07
10.06
10.06
10.04
10.07
10.10
10.06
10.07
10.05
10.03
10.00
10.00
9.97
9.98
9.98
9.99
9.98
9.98
9.95
9.99
10.00
9.95
9.97
9.98
9.98
9.98
9.98
9.96
9.98
9.98
9.99
9.94
9.96
9.96
9.98
9.97
9.93
9.91
9.91
9.93
9.91
9.93
9.91
9.90
9.90
9.92
9.90
9.89
9.90
9.91
9.88
9.91
9.92
9.90
9.91
9.91
9.92
9.91
9.91
9.87
9.91
9.87
9.91
9.91
9.81
9.83
9.84
9.82
9.81
9.74
9.76
9.75
9.74
9.72
9.66
9.68
9.68
9.67
9.66
9.60
9.60
9.57
9.59
9.59
9.59
9.54
9.54
9.53
9.51
9.53
9.51
9.51
9.52
9.52
9.53
9.49
9.50
9.49
9.53
9.52
9.52
9.52
9.52
9.53
9.52
9.51
9.54
9.59
9.56
9.59
9.59
9.59
9.61
9.62
9.67
9.66
9.67
9.68
9.70
9.70
9.74
9.76
9.77
9.80
9.81
9.82
9.85
9.90
9.90
9.90
9.99
9.99
9.99
10.05
10.09
10.08
10.09
10.17
10.16
10.13
10.15
10.16
10.25
10.23
10.26
10.24
10.23
10.28
10.30
10.32
10.31
10.35
10.27
10.35
10.34
10.33
10.33
10.35
10.30
10.31
10.34
10.34
10.33
10.33
10.31
10.31
10.32
10.30
10.34
10.33
10.31
10.35
10.28
10.33
10.26
10.26
10.21
10.21
10.26
10.20
10.21
10.26
10.20
10.19
9999.00
10.15
10.15
10.15
10.20
10.14
10.15
10.18
10.14
10.09
10.07
10.11
10.06
10.06
10.08
10.08
10.06
10.06
10.08
10.04
10.04
10.08
10.07
10.05
9.97
10.05
9.98
9.99
9.99
9.99
9.96
9.98
10.00
9.95
9.95
9.98
10.00
9.99
9.96
9.97
9.99
10.00
9.96
9.99
9.99
9.98
9.98
10.00
9.98
9.98
9.99
9.98
9.97
9.93
9.97
9.91
9.93
9.90
9.92
9.90
9.90
9.89
9.89
9.91
9.89
9.90
9.92
9.91
9.90
9.90
9.91
9.91
9.91
9.89
9.89
9.89
9.89
9.90
9.91
9.90
9.90
9.87
9.84
9.82
9.82
9.82
9.75
9.76
9.74
9.74
9.74
9.68
9.67
9.66
9.66
9.67
9.61
9.56
9.58
9.58
9.60
9.60
9.53
9.51
9.50
9.52
9.48
9.53
9.52
9.52
9.50
9.48
9.51
9.52
9.52
9.51
9.48
9.51
9.52
9.52
9.51
9.50
9.56
9.55
9.59
9.60
9.60
9.59
9.59
9.58
9.61
9.64
9.66
9.65
9.66
9.71
9.74
9.73
9.72
9.75
9.83
9.83
9.82
9.83
9.86
9.90
9.90
9.98
9.99
9.98
10.00
10.12
10.08
10.09
10.08
10.17
10.11
10.15
10.24
10.21
10.24
10.24
10.25
10.24
10.27
10.34
10.33
10.33
10.36
10.37
10.34
10.33
10.34
10.33
10.39
10.34
10.37
10.35
10.42
10.28
10.33
10.35
10.32
10.33
10.32
10.33
10.33
10.31
10.34
10.33
10.34
10.34
10.27
10.21
10.23
10.26
10.25
10.24
10.25
10.25
10.22
9999.00
10.06
10.08
10.09
10.07
10.07
10.04
9.99
9.95
9.99
10.01
9.96
9.98
10.00
9.99
9.98
9.93
9.92
9.90
9.89
9.90
9.91
9.90
9.90
9.89
9.92
9.91
9.90
9.91
9.92
9.89
9.81
9.87
9.92
9.83
9.89
9.86
9.90
9.84
9.88
9.92
9.87
9.84
9.82
9.86
9.86
9.87
9.82
9.83
9.85
9.85
9.85
9.84
9.88
9.82
9.82
9.80
9.86
9.83
9.82
9.82
9.84
9.83
9.83
9.85
9.83
9.83
9.87
9.86
9.84
9.84
9.91
9.85
9.90
9.91
9.89
9.91
9.91
9.91
9.87
9.85
9.82
9.84
9.79
9.75
9.75
9.73
9.72
9.67
9.65
9.66
9.65
9.64
9.60
9.58
9.56
9.57
9.51
9.53
9.51
9.50
9.44
9.43
9.43
9.41
9.45
9.43
9.43
9.41
9.44
9.41
9.40
9.36
9.38
9.40
9.39
9.39
9.41
9.39
9.44
9.41
9.43
9.43
9.45
9.43
9.43
9.43
9.44
9.45
9.46
9.51
9.55
9.55
9.52
9.59
9.58
9.56
9.62
9.66
9.64
9.65
9.68
9.75
9.74
9.73
9.82
9.84
9.82
9.91
9.89
9.92
9.98
9.99
9.99
10.03
10.07
10.07
10.10
10.14
10.16
10.15
10.17
10.15
10.19
10.25
10.24
10.25
10.23
10.24
10.25
10.24
10.22
10.27
10.28
10.29
10.32
10.29
10.33
10.33
10.26
10.32
10.22
10.26
10.26
10.25
10.20
10.22
10.26
10.24
10.20
10.18
10.15
10.17
10.14
10.13
10.13
10.14
10.16
10.13
10.06
10.06
9999.00
9.99
9.97
9.97
9.91
9.89
9.90
9.85
9.86
9.89
9.84
9.85
9.77
9.79
9.76
9.71
9.73
9.75
9.75
9.79
9.77
9.75
9.75
9.69
9.70
9.73
9.73
9.70
9.69
9.74
9.73
9.67
9.69
9.67
9.77
9.69
9.71
9.71
9.69
9.72
9.74
9.73
9.73
9.74
9.72
9.74
9.74
9.75
9.75
9.72
9.74
9.76
9.79
9.74
9.75
9.83
9.83
9.74
9.76
9.77
9.76
9.77
9.76
9.80
9.80
9.79
9.78
9.81
9.83
9.79
9.81
9.82
9.85
9.82
9.84
9.86
9.89
9.91
9.87
9.87
9.81
9.82
9.85
9.77
9.75
9.70
9.66
9.68
9.63
9.68
9.60
9.58
9.59
9.56
9.54
9.52
9.51
9.41
9.44
9.44
9.35
9.37
9.36
9.35
9.36
9.33
9.36
9.35
9.30
9.30
9.27
9.28
9.29
9.29
9.28
9.28
9.29
9.30
9.28
9.28
9.28
9.30
9.28
9.28
9.29
9.33
9.35
9.35
9.36
9.36
9.35
9.36
9.42
9.43
9.43
9.42
9.53
9.52
9.51
9.51
9.60
9.60
9.60
9.67
9.66
9.72
9.75
9.74
9.81
9.85
9.82
9.87
9.92
9.91
9.89
9.99
9.99
9.97
10.03
10.08
10.09
10.07
10.07
10.12
10.15
10.15
10.16
10.17
10.15
10.15
10.17
10.20
10.25
10.25
10.25
10.23
10.25
10.25
10.25
10.24
10.26
10.25
10.24
10.24
10.22
10.15
10.15
10.18
10.16
10.15
10.16
10.17
10.11
10.09
10.08
10.08
10.07
10.09
10.05
9.97
9.96
9999.00
9.90
9.91
9.92
9.86
9.86
9.83
9.82
9.82
9.83
9.75
9.75
9.74
9.75
9.75
9.74
9.73
9.72
9.68
9.67
9.67
9.66
9.68
9.67
9.66
9.61
9.65
9.63
9.58
9.62
9.59
9.60
9.62
9.59
9.60
9.61
9.60
9.60
9.65
9.67
9.68
9.67
9.66
9.67
9.69
9.66
9.66
9.67
9.68
9.70
9.67
9.71
9.72
9.76
9.75
9.75
9.74
9.76
9.76
9.75
9.74
9.75
9.77
9.74
9.74
9.74
9.81
9.83
9.82
9.82
9.83
9.84
9.87
9.91
9.90
9.91
9.91
9.91
9.90
9.90
9.84
9.84
9.82
9.74
9.75
9.69
9.66
9.61
9.58
9.60
9.60
9.59
9.61
9.54
9.51
9.51
9.44
9.45
9.37
9.36
9.35
9.32
9.29
9.28
9.29
9.28
9.27
9.27
9.25
9.26
9.27
9.26
9.26
9.26
9.26
9.27
9.26
9.26
9.23
9.28
9.23
9.25
9.25
9.27
9.26
9.25
9.25
9.26
9.27
9.25
9.28
9.29
9.30
9.29
9.28
9.36
9.37
9.36
9.43
9.43
9.46
9.52
9.51
9.59
9.58
9.63
9.67
9.66
9.71
9.76
9.75
9.78
9.83
9.83
9.92
9.91
9.90
9.93
10.00
9.98
9.99
10.03
10.07
10.07
10.08
10.08
10.10
10.09
10.09
10.09
10.15
10.15
10.16
10.11
10.16
10.14
10.15
10.15
10.15
10.16
10.15
10.13
10.14
10.18
10.14
10.13
10.11
10.14
10.09
10.12
10.12
10.07
10.03
10.06
9.99
9.98
9.98
10.01
9.96
9.94
9.91
9999.00
9.84
9.83
9.82
9.78
9.75
9.75
9.74
9.74
9.71
9.68
9.67
9.66
9.67
9.68
9.63
9.59
9.59
9.59
9.61
9.59
9.55
9.51
9.53
9.52
9.51
9.51
9.51
9.53
9.51
9.51
9.51
9.53
9.52
9.52
9.51
9.52
9.53
9.51
9.50
9.52
9.53
9.51
9.59
9.59
9.60
9.60
9.59
9.58
9.59
9.61
9.62
9.67
9.67
9.68
9.67
9.67
9.68
9.66
9.67
9.71
9.69
9.68
9.74
9.75
9.76
9.75
9.74
9.83
9.84
9.83
9.91
9.91
9.92
9.90
9.91
9.91
9.93
9.90
9.83
9.82
9.84
9.75
9.74
9.67
9.66
9.59
9.58
9.52
9.52
9.53
9.51
9.51
9.53
9.52
9.46
9.44
9.37
9.38
9.28
9.29
9.25
9.28
9.26
9.23
9.18
9.19
9.21
9.19
9.18
9.19
9.20
9.19
9.19
9.14
9.18
9.13
9.12
9.12
9.11
9.13
9.12
9.11
9.11
9.12
9.11
9.13
9.13
9.17
9.19
9.18
9.19
9.20
9.25
9.26
9.26
9.29
9.29
9.28
9.36
9.36
9.36
9.43
9.44
9.52
9.51
9.59
9.59
9.68
9.67
9.69
9.74
9.75
9.80
9.83
9.83
9.85
9.92
9.91
9.91
10.00
10.00
9.98
9.99
10.01
10.02
10.05
10.09
10.08
10.08
10.10
10.09
10.08
10.08
10.11
10.11
10.14
10.11
10.15
10.10
10.10
10.09
10.09
10.08
10.08
10.08
10.10
10.08
10.09
10.01
9.99
10.01
9.99
10.00
10.01
9.98
9.90
9.91
9.92
9.90
9.82
9999.00
9.75
9.75
9.75
9.76
9.68
9.67
9.67
9.68
9.66
9.59
9.59
9.59
9.60
9.57
9.52
9.52
9.53
9.52
9.52
9.44
9.43
9.43
9.44
9.45
9.43
9.43
9.39
9.42
9.40
9.36
9.36
9.37
9.37
9.36
9.36
9.38
9.42
9.44
9.43
9.43
9.45
9.45
9.46
9.51
9.51
9.53
9.51
9.52
9.52
9.57
9.59
9.60
9.60
9.59
9.59
9.59
9.61
9.65
9.66
9.67
9.67
9.68
9.67
9.73
9.75
9.75
9.78
9.82
9.82
9.92
9.92
9.90
9.90
9.91
9.90
9.89
9.91
9.90
9.83
9.83
9.82
9.76
9.67
9.67
9.59
9.52
9.53
9.51
9.51
9.51
9.53
9.52
9.52
9.52
9.50
9.45
9.36
9.28
9.28
9.28
9.19
9.19
9.18
9.09
9.11
9.12
9.13
9.12
9.12
9.11
9.13
9.11
9.11
9.06
9.06
9.04
9.04
9.03
9.06
9.06
9.05
9.03
9.02
9.06
9.04
9.05
9.04
9.07
9.05
9.06
9.09
9.11
9.13
9.12
9.19
9.19
9.19
9.25
9.26
9.29
9.30
9.36
9.36
9.43
9.45
9.51
9.51
9.59
9.61
9.65
9.65
9.67
9.73
9.78
9.74
9.80
9.83
9.85
9.87
9.91
9.88
9.91
9.90
9.97
10.01
10.03
9.98
9.97
10.00
10.05
10.03
10.08
10.06
10.03
10.07
10.03
10.09
10.08
10.08
10.09
10.08
10.07
10.06
10.06
9.97
9.99
9.98
9.97
10.00
10.00
9.92
9.91
9.89
9.90
9.89
9.83
9.84
9.83
9.83
9.73
9999.00
9.68
9.62
9.68
9.65
9.63
9.57
9.60
9.58
9.55
9.49
9.50
9.52
9.49
9.45
9.44
9.43
9.44
9.42
9.39
9.38
9.35
9.36
9.32
9.34
9.34
9.29
9.29
9.28
9.30
9.29
9.29
9.30
9.30
9.27
9.29
9.29
9.29
9.29
9.30
9.32
9.38
9.37
9.34
9.36
9.39
9.44
9.44
9.43
9.45
9.50
9.52
9.52
9.51
9.53
9.54
9.53
9.59
9.60
9.58
9.58
9.59
9.68
9.68
9.67
9.70
9.75
9.82
9.82
9.90
9.90
9.95
10.00
9.95
9.92
9.90
9.92
9.90
9.83
9.84
9.85
9.75
9.75
9.67
9.65
9.60
9.51
9.48
9.49
9.45
9.47
9.52
9.51
9.53
9.51
9.49
9.45
9.36
9.28
9.26
9.20
9.18
9.09
9.10
9.05
9.03
9.03
9.03
9.05
9.06
9.03
9.03
9.03
9.02
8.99
8.98
8.96
8.98
8.99
8.98
8.96
8.95
8.97
8.96
8.96
8.98
8.98
8.98
8.95
8.98
8.98
9.00
8.99
9.04
9.04
9.05
9.10
9.10
9.17
9.20
9.20
9.24
9.28
9.27
9.33
9.36
9.41
9.44
9.50
9.52
9.58
9.59
9.62
9.69
9.66
9.75
9.76
9.75
9.83
9.84
9.83
9.85
9.89
9.91
9.90
9.90
9.92
9.95
9.96
9.99
9.99
9.99
9.98
10.00
10.00
9.99
9.97
10.01
9.99
10.02
9.98
9.99
9.96
10.00
9.95
9.97
9.91
9.95
9.89
9.90
9.91
9.87
9.86
9.83
9.83
9.81
9.80
9.78
9.75
9.76
9.75
9999.00
9.66
9.62
9.59
9.58
9.61
9.55
9.51
9.51
9.53
9.46
9.43
9.41
9.44
9.41
9.36
9.35
9.34
9.31
9.29
9.28
9.29
9.29
9.26
9.26
9.27
9.27
9.26
9.25
9.22
9.25
9.24
9.24
9.26
9.25
9.25
9.26
9.25
9.26
9.26
9.27
9.29
9.29
9.28
9.28
9.36
9.35
9.36
9.36
9.40
9.40
9.41
9.44
9.44
9.53
9.49
9.51
9.51
9.53
9.52
9.56
9.59
9.58
9.60
9.67
9.67
9.71
9.82
9.83
9.90
9.94
10.01
9.97
9.94
9.95
9.91
9.89
9.88
9.88
9.83
9.81
9.77
9.76
9.67
9.63
9.56
9.53
9.47
9.49
9.46
9.50
9.51
9.47
9.51
9.50
9.45
9.41
9.34
9.28
9.26
9.16
9.10
9.05
9.02
8.99
8.98
8.98
9.00
8.98
8.96
8.97
8.99
8.95
8.98
8.92
8.91
8.90
8.91
8.90
8.89
8.90
8.88
8.91
8.88
8.87
8.85
8.88
8.89
8.93
8.89
8.90
8.91
8.93
8.91
8.97
8.96
9.01
9.04
9.04
9.09
9.12
9.18
9.19
9.25
9.27
9.29
9.32
9.36
9.45
9.44
9.51
9.52
9.59
9.60
9.65
9.65
9.68
9.69
9.72
9.73
9.75
9.84
9.82
9.82
9.83
9.87
9.89
9.91
9.91
9.91
9.95
9.94
9.98
9.95
9.96
9.96
10.01
9.99
9.97
10.01
10.00
9.95
9.90
9.92
9.91
9.90
9.92
9.91
9.89
9.82
9.84
9.83
9.82
9.81
9.76
9.76
9.75
9.75
9.67
9.71
9.69
9999.00
9.60
9.59
9.54
9.52
9.53
9.50
9.48
9.43
9.41
9.43
9.38
9.36
9.36
9.32
9.30
9.29
9.28
9.28
9.27
9.27
9.25
9.26
9.21
9.20
9.18
9.19
9.20
9.20
9.18
9.17
9.19
9.18
9.18
9.15
9.19
9.20
9.19
9.19
9.19
9.20
9.19
9.25
9.26
9.26
9.28
9.29
9.29
9.29
9.38
9.36
9.36
9.37
9.45
9.44
9.43
9.43
9.50
9.48
9.51
9.52
9.52
9.60
9.59
9.65
9.68
9.79
9.80
9.90
9.90
10.01
10.01
10.01
10.00
9.99
10.01
9.94
9.91
9.90
9.93
9.85
9.83
9.80
9.77
9.68
9.66
9.59
9.60
9.60
9.53
9.51
9.52
9.51
9.52
9.45
9.45
9.36
9.31
9.27
9.21
9.15
9.10
9.02
9.00
8.91
8.90
8.91
8.92
8.92
8.91
8.91
8.90
8.92
8.90
8.87
8.83
8.85
8.84
8.84
8.84
8.84
8.85
8.81
8.82
8.84
8.79
8.79
8.81
8.77
8.84
8.84
8.84
8.83
8.85
8.84
8.90
8.91
8.95
8.99
9.04
9.04
9.12
9.13
9.19
9.21
9.26
9.31
9.29
9.37
9.41
9.45
9.50
9.52
9.52
9.60
9.59
9.67
9.67
9.68
9.71
9.74
9.74
9.78
9.80
9.83
9.82
9.86
9.88
9.91
9.90
9.93
9.89
9.90
9.90
9.92
9.88
9.89
9.91
9.91
9.91
9.92
9.88
9.91
9.91
9.91
9.83
9.83
9.84
9.84
9.83
9.77
9.75
9.76
9.75
9.74
9.66
9.67
9.67
9.69
9.68
9.59
9999.00
9.52
9.51
9.52
9.45
9.45
9.43
9.43
9.36
9.38
9.36
9.32
9.28
9.30
9.29
9.26
9.25
9.27
9.27
9.20
9.18
9.19
9.21
9.16
9.11
9.12
9.13
9.12
9.12
9.12
9.10
9.10
9.07
9.10
9.09
9.13
9.12
9.12
9.12
9.13
9.12
9.15
9.19
9.20
9.19
9.21
9.26
9.27
9.27
9.29
9.29
9.29
9.36
9.37
9.36
9.36
9.42
9.45
9.43
9.44
9.52
9.51
9.51
9.60
9.68
9.67
9.77
9.84
9.95
9.97
10.09
10.09
10.08
10.08
10.06
9.99
9.98
9.97
9.92
9.91
9.91
9.91
9.83
9.81
9.75
9.77
9.75
9.67
9.67
9.62
9.60
9.59
9.52
9.52
9.45
9.44
9.37
9.31
9.31
9.27
9.12
9.04
8.99
8.93
8.90
8.84
8.84
8.85
8.84
8.83
8.83
8.85
8.84
8.84
8.84
8.85
8.84
8.77
8.77
8.77
8.78
8.77
8.78
8.79
8.77
8.73
8.74
8.76
8.72
8.75
8.77
8.78
8.77
8.77
8.81
8.85
8.85
8.88
8.91
8.96
8.99
9.03
9.04
9.11
9.16
9.18
9.26
9.27
9.29
9.36
9.36
9.45
9.44
9.51
9.51
9.56
9.60
9.59
9.66
9.68
9.68
9.73
9.75
9.75
9.77
9.83
9.82
9.83
9.84
9.83
9.85
9.84
9.91
9.88
9.85
9.85
9.90
9.86
9.84
9.86
9.85
9.83
9.82
9.82
9.83
9.83
9.80
9.76
9.75
9.75
9.74
9.76
9.68
9.67
9.66
9.68
9.63
9.59
9.59
9.59
9.53
9999.00
9.53
9.47
9.43
9.44
9.39
9.38
9.37
9.37
9.29
9.30
9.29
9.26
9.25
9.27
9.26
9.19
9.19
9.19
9.18
9.11
9.11
9.11
9.13
9.11
9.05
9.05
9.06
9.05
9.06
9.05
9.05
9.03
9.06
9.06
9.02
9.05
9.05
9.06
9.04
9.05
9.10
9.13
9.12
9.12
9.19
9.19
9.19
9.23
9.27
9.27
9.27
9.29
9.29
9.31
9.36
9.37
9.37
9.41
9.42
9.43
9.44
9.53
9.55
9.61
9.67
9.76
9.87
9.98
10.05
10.11
10.16
10.17
10.18
10.08
10.09
10.09
10.07
9.99
9.96
10.02
9.95
9.93
9.92
9.84
9.83
9.82
9.77
9.76
9.75
9.67
9.67
9.61
9.59
9.52
9.46
9.45
9.37
9.29
9.26
9.20
9.06
8.97
8.89
8.84
8.78
8.76
8.77
8.76
8.78
8.77
8.78
8.77
8.78
8.77
8.77
8.77
8.78
8.76
8.72
8.70
8.72
8.70
8.70
8.70
8.72
8.71
8.70
8.70
8.71
8.71
8.71
8.70
8.71
8.78
8.77
8.77
8.83
8.86
8.92
8.91
8.98
8.99
9.06
9.10
9.12
9.19
9.22
9.26
9.28
9.29
9.38
9.40
9.43
9.46
9.52
9.53
9.53
9.59
9.59
9.68
9.66
9.67
9.72
9.76
9.74
9.77
9.83
9.84
9.84
9.83
9.83
9.83
9.83
9.83
9.84
9.83
9.83
9.82
9.84
9.83
9.83
9.83
9.81
9.76
9.75
9.75
9.75
9.74
9.67
9.67
9.68
9.68
9.62
9.59
9.59
9.60
9.55
9.52
9.53
9.51
9999.00
9.45
9.41
9.36
9.36
9.38
9.36
9.29
9.29
9.30
9.26
9.26
9.26
9.22
9.20
9.19
9.15
9.14
9.13
9.12
9.09
9.05
9.07
9.05
9.04
9.01
8.99
8.99
8.97
8.98
8.98
8.99
8.98
8.98
8.99
8.99
8.98
8.97
8.98
8.99
9.04
9.04
9.05
9.06
9.07
9.11
9.12
9.13
9.20
9.19
9.19
9.26
9.27
9.26
9.29
9.29
9.31
9.33
9.36
9.36
9.37
9.44
9.44
9.52
9.60
9.68
9.75
9.83
9.91
10.06
10.09
10.08
10.12
10.08
10.08
10.10
10.06
10.05
10.07
10.00
10.01
9.90
9.90
9.91
9.90
9.83
9.83
9.74
9.76
9.75
9.67
9.67
9.60
9.60
9.52
9.52
9.44
9.36
9.29
9.27
9.20
9.04
8.92
8.84
8.79
8.71
8.70
8.70
8.72
8.71
8.77
8.77
8.78
8.78
8.70
8.70
8.70
8.73
8.70
8.70
8.70
8.67
8.66
8.63
8.64
8.64
8.65
8.64
8.64
8.63
8.65
8.63
8.62
8.70
8.72
8.71
8.72
8.76
8.78
8.85
8.83
8.91
8.91
9.00
9.05
9.05
9.12
9.20
9.20
9.26
9.27
9.30
9.37
9.36
9.43
9.44
9.45
9.51
9.52
9.56
9.60
9.59
9.67
9.68
9.68
9.74
9.76
9.75
9.76
9.83
9.84
9.83
9.83
9.83
9.86
9.81
9.78
9.78
9.76
9.75
9.75
9.75
9.76
9.76
9.75
9.74
9.69
9.68
9.67
9.67
9.62
9.60
9.60
9.58
9.54
9.54
9.52
9.52
9.46
9.45
9.45
9999.00
9.37
9.37
9.36
9.31
9.29
9.31
9.29
9.27
9.26
9.27
9.19
9.20
9.19
9.13
9.12
9.11
9.10
9.07
9.05
9.05
9.05
9.01
8.97
8.98
8.99
8.99
8.97
8.91
8.91
8.92
8.91
8.90
8.91
8.92
8.91
8.91
8.91
8.91
8.94
8.98
8.98
8.99
9.01
9.04
9.05
9.04
9.13
9.12
9.13
9.20
9.19
9.19
9.24
9.27
9.26
9.26
9.29
9.31
9.30
9.36
9.36
9.38
9.45
9.52
9.58
9.67
9.77
9.83
9.91
10.00
10.00
10.00
10.00
10.01
9.97
9.91
9.92
9.91
9.90
9.84
9.85
9.84
9.83
9.74
9.76
9.75
9.70
9.67
9.69
9.59
9.59
9.60
9.54
9.52
9.43
9.39
9.38
9.28
9.26
9.11
9.06
8.91
8.84
8.77
8.71
8.65
8.70
8.70
8.72
8.72
8.69
8.70
8.69
8.72
8.70
8.70
8.69
8.65
8.64
8.64
8.63
8.64
8.61
8.61
8.56
8.57
8.58
8.57
8.56
8.58
8.57
8.64
8.64
8.64
8.64
8.70
8.71
8.76
8.76
8.79
8.83
8.88
8.91
8.98
9.01
9.06
9.12
9.12
9.20
9.26
9.26
9.29
9.31
9.37
9.36
9.44
9.45
9.45
9.52
9.51
9.57
9.61
9.59
9.65
9.67
9.69
9.75
9.75
9.74
9.77
9.76
9.75
9.74
9.83
9.79
9.75
9.74
9.76
9.76
9.75
9.75
9.75
9.77
9.75
9.67
9.67
9.69
9.68
9.59
9.59
9.60
9.56
9.52
9.52
9.47
9.45
9.44
9.37
9.37
9.38
9999.00
9.29
9.30
9.29
9.29
9.26
9.28
9.27
9.25
9.19
9.20
9.19
9.13
9.13
9.14
9.12
9.08
9.04
9.05
9.06
8.99
8.98
8.99
8.98
8.94
8.91
8.90
8.90
8.92
8.91
8.91
8.86
8.87
8.85
8.84
8.84
8.84
8.86
8.91
8.90
8.91
8.93
8.91
8.98
8.97
8.99
9.01
9.05
9.04
9.07
9.13
9.11
9.13
9.18
9.20
9.19
9.26
9.26
9.27
9.28
9.28
9.29
9.33
9.37
9.44
9.43
9.54
9.61
9.69
9.75
9.82
9.85
9.83
9.83
9.85
9.83
9.83
9.75
9.77
9.75
9.72
9.70
9.69
9.68
9.67
9.58
9.60
9.60
9.59
9.53
9.52
9.53
9.46
9.44
9.44
9.37
9.37
9.28
9.26
9.20
9.13
8.99
8.90
8.81
8.70
8.70
8.63
8.65
8.68
8.70
8.71
8.71
8.71
8.70
8.68
8.64
8.65
8.64
8.63
8.63
8.59
8.57
8.57
8.57
8.58
8.57
8.55
8.56
8.57
8.58
8.56
8.56
8.57
8.58
8.60
8.64
8.65
8.64
8.70
8.70
8.79
8.77
8.83
8.84
8.92
8.98
8.98
9.04
9.13
9.13
9.19
9.18
9.26
9.28
9.29
9.30
9.36
9.38
9.39
9.44
9.45
9.53
9.52
9.57
9.59
9.60
9.68
9.67
9.73
9.76
9.76
9.75
9.75
9.75
9.80
9.77
9.74
9.75
9.76
9.75
9.75
9.75
9.77
9.75
9.69
9.67
9.69
9.66
9.60
9.61
9.59
9.52
9.51
9.48
9.43
9.43
9.36
9.37
9.34
9.31
9.30
9999.00
9.29
9.30
9.25
9.26
9.26
9.26
9.19
9.19
9.20
9.15
9.13
9.11
9.12
9.10
9.06
9.05
9.05
9.04
8.99
8.98
8.98
8.93
8.92
8.91
8.90
8.86
8.87
8.85
8.84
8.84
8.85
8.85
8.84
8.83
8.84
8.85
8.84
8.84
8.84
8.87
8.89
8.91
8.91
8.92
8.97
8.98
8.98
9.00
9.07
9.04
9.07
9.12
9.13
9.12
9.19
9.19
9.19
9.21
9.26
9.26
9.27
9.29
9.28
9.35
9.37
9.44
9.51
9.59
9.69
9.67
9.73
9.76
9.68
9.66
9.68
9.68
9.62
9.60
9.60
9.61
9.59
9.51
9.52
9.53
9.52
9.52
9.47
9.45
9.45
9.43
9.43
9.38
9.38
9.29
9.29
9.29
9.27
9.18
9.13
9.04
9.00
8.87
8.77
8.70
8.72
8.64
8.64
8.64
8.69
8.71
8.68
8.64
8.64
8.65
8.63
8.63
8.63
8.58
8.57
8.57
8.57
8.58
8.57
8.55
8.51
8.49
8.50
8.50
8.52
8.50
8.54
8.56
8.58
8.58
8.57
8.63
8.64
8.65
8.69
8.70
8.77
8.78
8.84
8.84
8.91
8.99
8.98
9.05
9.07
9.13
9.20
9.19
9.26
9.27
9.30
9.29
9.33
9.37
9.35
9.42
9.45
9.48
9.51
9.52
9.59
9.61
9.67
9.67
9.75
9.76
9.78
9.81
9.84
9.84
9.83
9.83
9.84
9.85
9.82
9.75
9.74
9.76
9.76
9.67
9.67
9.69
9.61
9.58
9.61
9.60
9.52
9.49
9.44
9.38
9.36
9.28
9.29
9.29
9.28
9.29
9999.00
9.26
9.26
9.26
9.25
9.20
9.19
9.18
9.19
9.13
9.12
9.12
9.12
9.10
9.05
9.05
9.05
9.06
9.00
8.98
8.98
8.95
8.91
8.91
8.90
8.88
8.85
8.84
8.84
8.84
8.83
8.82
8.76
8.77
8.79
8.76
8.79
8.78
8.86
8.84
8.84
8.84
8.84
8.84
8.92
8.92
8.91
8.95
8.99
8.98
9.02
9.06
9.06
9.06
9.12
9.12
9.13
9.16
9.19
9.20
9.20
9.19
9.26
9.26
9.30
9.30
9.37
9.39
9.45
9.53
9.51
9.57
9.60
9.54
9.52
9.52
9.50
9.46
9.44
9.43
9.43
9.45
9.42
9.36
9.36
9.38
9.37
9.36
9.37
9.37
9.34
9.29
9.29
9.29
9.27
9.27
9.18
9.19
9.16
9.12
9.05
8.98
8.86
8.78
8.70
8.70
8.65
8.65
8.63
8.64
8.65
8.64
8.65
8.63
8.63
8.64
8.65
8.57
8.56
8.57
8.58
8.58
8.50
8.50
8.50
8.51
8.50
8.51
8.50
8.50
8.50
8.51
8.52
8.49
8.57
8.56
8.58
8.57
8.63
8.63
8.69
8.71
8.75
8.78
8.86
8.85
8.91
8.90
8.98
9.06
9.05
9.12
9.12
9.21
9.24
9.26
9.26
9.31
9.29
9.32
9.36
9.38
9.45
9.44
9.52
9.53
9.60
9.66
9.67
9.75
9.77
9.81
9.84
9.82
9.84
9.83
9.83
9.82
9.83
9.80
9.79
9.76
9.76
9.72
9.67
9.67
9.61
9.59
9.59
9.52
9.52
9.51
9.44
9.35
9.31
9.30
9.26
9.26
9.27
9.27
9.26
9999.00
9.23
9.19
9.19
9.20
9.20
9.19
9.11
9.12
9.14
9.11
9.13
9.07
9.04
9.05
9.05
9.06
9.05
8.99
8.98
9.00
8.91
8.90
8.92
8.86
8.84
8.84
8.84
8.83
8.78
8.77
8.77
8.78
8.77
8.77
8.77
8.78
8.77
8.77
8.79
8.84
8.83
8.84
8.86
8.84
8.85
8.91
8.92
8.92
8.96
8.97
8.99
9.07
9.05
9.05
9.05
9.14
9.12
9.12
9.12
9.16
9.20
9.19
9.19
9.23
9.27
9.27
9.29
9.36
9.38
9.39
9.41
9.42
9.39
9.37
9.36
9.36
9.32
9.30
9.30
9.29
9.30
9.30
9.28
9.29
9.29
9.30
9.30
9.26
9.26
9.27
9.26
9.27
9.20
9.21
9.19
9.13
9.13
9.12
9.06
9.00
8.93
8.83
8.78
8.76
8.70
8.70
8.66
8.67
8.66
8.63
8.63
8.65
8.65
8.63
8.61
8.57
8.58
8.56
8.56
8.52
8.51
8.50
8.50
8.50
8.51
8.50
8.49
8.49
8.51
8.51
8.50
8.50
8.50
8.51
8.50
8.57
8.56
8.58
8.63
8.64
8.67
8.72
8.75
8.77
8.84
8.86
8.92
8.96
8.99
9.05
9.06
9.11
9.12
9.19
9.20
9.27
9.26
9.27
9.30
9.29
9.33
9.37
9.37
9.44
9.50
9.52
9.60
9.67
9.76
9.76
9.79
9.81
9.78
9.76
9.75
9.75
9.75
9.76
9.75
9.73
9.68
9.67
9.66
9.63
9.60
9.60
9.54
9.52
9.53
9.48
9.44
9.36
9.38
9.29
9.26
9.26
9.27
9.22
9.22
9.24
9999.00
9.18
9.19
9.20
9.20
9.14
9.11
9.12
9.13
9.12
9.09
9.08
9.06
9.05
9.05
9.05
9.06
9.05
9.00
8.98
8.99
8.92
8.90
8.84
8.85
8.84
8.84
8.84
8.81
8.77
8.77
8.76
8.78
8.78
8.77
8.77
8.78
8.78
8.77
8.77
8.78
8.79
8.81
8.84
8.84
8.86
8.85
8.91
8.91
8.92
8.97
8.98
8.98
9.01
9.06
9.05
9.05
9.05
9.14
9.12
9.12
9.11
9.14
9.19
9.19
9.19
9.22
9.26
9.26
9.27
9.31
9.29
9.29
9.28
9.28
9.26
9.26
9.26
9.27
9.26
9.26
9.27
9.20
9.19
9.19
9.19
9.21
9.19
9.21
9.19
9.19
9.16
9.14
9.13
9.11
9.08
9.06
9.06
9.02
8.98
8.92
8.92
8.83
8.77
8.77
8.72
8.70
8.72
8.70
8.69
8.64
8.63
8.64
8.64
8.58
8.59
8.56
8.58
8.58
8.52
8.50
8.50
8.52
8.50
8.50
8.51
8.50
8.51
8.51
8.50
8.51
8.50
8.52
8.52
8.50
8.52
8.52
8.58
8.57
8.60
8.64
8.64
8.70
8.71
8.77
8.79
8.84
8.86
8.91
9.00
9.00
9.05
9.05
9.12
9.12
9.20
9.21
9.19
9.26
9.26
9.30
9.29
9.29
9.37
9.38
9.44
9.50
9.52
9.61
9.68
9.67
9.67
9.71
9.68
9.67
9.65
9.59
9.61
9.60
9.59
9.60
9.61
9.52
9.52
9.52
9.54
9.52
9.44
9.44
9.45
9.45
9.36
9.37
9.30
9.31
9.26
9.26
9.23
9.21
9.19
9.19
9999.00
9.19
9.18
9.19
9.17
9.12
9.12
9.12
9.13
9.12
9.12
9.08
9.09
9.05
9.05
9.05
9.07
9.05
9.05
8.98
8.99
8.92
8.91
8.91
8.85
8.86
8.84
8.84
8.84
8.86
8.77
8.77
8.77
8.79
8.76
8.79
8.78
8.77
8.77
8.80
8.80
8.85
8.83
8.84
8.86
8.84
8.87
8.91
8.93
8.92
8.98
8.98
8.99
8.99
9.05
9.05
9.06
9.06
9.08
9.12
9.12
9.13
9.12
9.12
9.12
9.21
9.19
9.19
9.19
9.21
9.21
9.23
9.21
9.23
9.20
9.21
9.20
9.19
9.19
9.19
9.21
9.20
9.19
9.20
9.17
9.15
9.11
9.12
9.13
9.13
9.12
9.12
9.06
9.06
9.05
9.05
9.05
9.00
8.98
8.96
8.91
8.92
8.84
8.84
8.77
8.78
8.73
8.70
8.70
8.72
8.67
8.64
8.64
8.63
8.63
8.57
8.56
8.57
8.58
8.57
8.51
8.52
8.50
8.50
8.50
8.52
8.50
8.50
8.52
8.51
8.51
8.50
8.50
8.51
8.50
8.50
8.52
8.57
8.57
8.59
8.64
8.64
8.70
8.72
8.77
8.77
8.83
8.84
8.92
8.93
8.98
8.98
9.06
9.05
9.12
9.12
9.21
9.19
9.21
9.26
9.28
9.27
9.29
9.29
9.38
9.37
9.43
9.44
9.53
9.53
9.59
9.59
9.60
9.59
9.52
9.51
9.53
9.53
9.51
9.50
9.50
9.45
9.44
9.44
9.44
9.45
9.45
9.43
9.38
9.38
9.38
9.37
9.29
9.30
9.29
9.26
9.26
9.27
9.27
9.20
9.19
9999.00
9.18
9.19
9.19
9.19
9.18
9.12
9.12
9.12
9.13
9.13
9.12
9.12
9.12
9.13
9.12
9.05
9.05
9.06
9.03
8.98
8.97
8.95
8.91
8.91
8.90
8.93
8.87
8.84
8.84
8.85
8.85
8.83
8.84
8.85
8.85
8.84
8.84
8.85
8.86
8.84
8.84
8.85
8.86
8.91
8.90
8.91
8.93
8.96
8.97
8.99
9.00
9.03
9.05
9.06
9.06
9.04
9.12
9.12
9.14
9.12
9.12
9.12
9.17
9.17
9.21
9.19
9.19
9.18
9.20
9.20
9.19
9.19
9.21
9.20
9.19
9.20
9.21
9.19
9.19
9.19
9.20
9.18
9.14
9.12
9.12
9.13
9.12
9.13
9.12
9.09
9.04
9.06
9.06
9.05
9.00
8.99
8.99
8.98
8.92
8.92
8.93
8.84
8.85
8.80
8.79
8.78
8.77
8.70
8.72
8.70
8.70
8.64
8.65
8.64
8.60
8.57
8.58
8.58
8.57
8.54
8.51
8.51
8.50
8.50
8.51
8.50
8.53
8.56
8.56
8.53
8.50
8.51
8.51
8.52
8.56
8.57
8.59
8.57
8.64
8.63
8.66
8.71
8.72
8.77
8.83
8.84
8.89
8.91
8.99
8.99
9.03
9.05
9.13
9.12
9.15
9.20
9.20
9.27
9.26
9.26
9.28
9.31
9.29
9.29
9.36
9.39
9.41
9.44
9.44
9.54
9.52
9.52
9.52
9.50
9.44
9.44
9.46
9.44
9.44
9.44
9.46
9.44
9.44
9.44
9.45
9.37
9.36
9.37
9.36
9.37
9.34
9.30
9.29
9.29
9.30
9.27
9.26
9.26
9.27
9.23
9999.00
9.27
9.24
9.19
9.19
9.21
9.20
9.17
9.13
9.13
9.13
9.12
9.12
9.13
9.13
9.12
9.12
9.13
9.08
9.05
9.05
9.01
8.99
8.98
8.98
8.98
9.00
8.93
8.91
8.91
8.92
8.91
8.90
8.91
8.92
8.92
8.91
8.91
8.92
8.93
8.92
8.91
8.92
8.91
8.91
8.83
8.92
8.94
8.92
8.98
8.99
8.99
8.98
9.05
9.08
9.04
9.06
9.08
9.09
9.13
9.13
9.14
9.13
9.13
9.13
9.16
9.14
9.13
9.12
9.13
9.14
9.13
9.14
9.15
9.14
9.13
9.13
9.14
9.14
9.13
9.13
9.15
9.14
9.13
9.11
9.11
9.08
9.06
9.06
9.06
9.08
9.06
8.99
8.99
9.01
9.00
8.92
8.93
8.93
8.93
8.88
8.85
8.87
8.83
8.79
8.79
8.78
8.73
8.71
8.71
8.73
8.66
8.65
8.63
8.63
8.58
8.60
8.60
8.58
8.55
8.53
8.53
8.51
8.51
8.52
8.53
8.53
8.53
8.54
8.58
8.56
8.51
8.52
8.53
8.54
8.56
8.58
8.60
8.61
8.65
8.64
8.69
8.73
8.75
8.81
8.80
8.83
8.86
8.91
8.98
8.99
9.05
9.07
9.10
9.13
9.13
9.20
9.23
9.20
9.23
9.24
9.26
9.26
9.31
9.30
9.30
9.32
9.38
9.38
9.40
9.40
9.38
9.38
9.40
9.39
9.38
9.38
9.41
9.37
9.35
9.38
9.40
9.39
9.39
9.36
9.40
9.37
9.31
9.34
9.31
9.32
9.31
9.31
9.31
9.25
9.23
9.23
9.24
9.24
9.21
9.20
9999.00
9.20
9.18
9.21
9.20
9.15
9.14
9.11
9.15
9.14
9.13
9.11
9.12
9.07
9.07
9.06
9.08
9.07
9.06
8.99
9.01
8.99
8.93
8.99
8.95
8.90
8.92
8.94
8.94
8.91
8.90
8.94
8.94
8.92
8.93
8.90
8.94
8.92
8.94
8.93
8.92
8.92
8.94
8.94
8.92
8.92
8.96
9.01
8.99
9.00
9.00
9.08
9.06
9.07
9.06
9.13
9.14
9.14
9.13
9.15
9.14
9.13
9.19
9.20
9.22
9.20
9.20
9.22
9.21
9.20
9.20
9.21
9.21
9.20
9.20
9.20
9.22
9.17
9.14
9.13
9.15
9.13
9.13
9.13
9.15
9.14
9.11
9.10
9.08
9.07
9.06
9.07
9.07
9.06
8.95
8.99
9.00
9.01
8.92
8.92
8.93
8.92
8.85
8.86
8.87
8.84
8.77
8.78
8.80
8.78
8.74
8.71
8.71
8.69
8.66
8.65
8.65
8.65
8.63
8.60
8.58
8.58
8.58
8.61
8.59
8.59
8.58
8.64
8.66
8.65
8.65
8.65
8.66
8.64
8.62
8.65
8.67
8.68
8.70
8.72
8.77
8.78
8.78
8.85
8.86
8.92
8.93
9.00
9.01
9.05
9.07
9.14
9.16
9.20
9.21
9.22
9.25
9.22
9.25
9.30
9.33
9.31
9.30
9.36
9.39
9.38
9.38
9.41
9.39
9.38
9.41
9.47
9.45
9.45
9.46
9.46
9.47
9.39
9.42
9.43
9.40
9.38
9.38
9.40
9.40
9.38
9.36
9.39
9.39
9.38
9.33
9.31
9.33
9.31
9.30
9.30
9.25
9.23
9.24
9.25
9.21
9999.00
9.25
9.21
9.20
9.21
9.22
9.13
9.14
9.14
9.16
9.14
9.11
9.07
9.08
9.07
9.06
9.06
9.08
9.01
8.99
8.99
9.01
8.98
8.99
8.97
8.95
8.92
8.92
8.94
8.93
8.92
8.93
8.93
8.94
8.92
8.89
8.90
8.94
8.92
8.91
8.92
8.94
8.93
8.92
8.92
8.98
8.98
8.99
8.97
9.01
9.01
9.06
9.06
9.07
9.10
9.13
9.14
9.14
9.15
9.13
9.20
9.20
9.22
9.20
9.20
9.20
9.23
9.21
9.21
9.21
9.21
9.20
9.20
9.18
9.22
9.21
9.18
9.21
9.23
9.19
9.16
9.13
9.13
9.13
9.15
9.14
9.13
9.14
9.13
9.05
9.08
9.08
9.07
9.07
9.05
9.01
9.00
8.99
8.99
9.02
8.92
8.92
8.93
8.92
8.86
8.86
8.86
8.87
8.81
8.78
8.78
8.80
8.73
8.71
8.71
8.72
8.68
8.64
8.64
8.65
8.65
8.65
8.63
8.64
8.67
8.63
8.65
8.67
8.69
8.72
8.71
8.71
8.73
8.73
8.71
8.71
8.74
8.79
8.79
8.78
8.86
8.87
8.88
8.92
8.93
9.01
9.00
9.06
9.05
9.15
9.18
9.21
9.20
9.24
9.23
9.31
9.32
9.32
9.30
9.36
9.38
9.40
9.38
9.38
9.38
9.44
9.45
9.47
9.47
9.46
9.45
9.46
9.47
9.46
9.46
9.46
9.49
9.46
9.46
9.41
9.50
9.46
9.46
9.45
9.47
9.43
9.40
9.38
9.41
9.38
9.38
9.38
9.35
9.31
9.30
9.31
9.33
9.30
9.23
9.24
9.24
9999.00
9.23
9.25
9.20
9.20
9.20
9.22
9.17
9.13
9.11
9.15
9.12
9.06
9.05
9.06
9.06
9.05
9.07
9.00
8.99
9.01
9.01
8.97
8.99
8.98
8.96
8.92
8.95
8.92
8.94
8.93
8.92
8.92
8.92
8.92
8.92
8.92
8.94
8.93
8.93
8.92
8.93
8.94
8.92
8.94
8.97
8.96
8.99
8.99
8.98
9.00
9.04
9.08
9.09
9.13
9.13
9.15
9.15
9.15
9.18
9.21
9.21
9.20
9.18
9.20
9.22
9.20
9.20
9.20
9.22
9.20
9.20
9.20
9.23
9.20
9.20
9.20
9.22
9.20
9.20
9.19
9.19
9.14
9.13
9.14
9.15
9.14
9.13
9.14
9.15
9.11
9.06
9.07
9.07
9.06
9.05
9.00
9.01
8.99
8.99
8.94
8.93
8.93
8.91
8.92
8.87
8.85
8.86
8.85
8.81
8.80
8.78
8.78
8.74
8.73
8.70
8.72
8.70
8.73
8.69
8.69
8.68
8.73
8.70
8.71
8.70
8.74
8.71
8.71
8.71
8.74
8.73
8.74
8.76
8.80
8.79
8.78
8.81
8.88
8.86
8.84
8.94
8.92
8.96
9.00
9.01
9.06
9.08
9.14
9.19
9.21
9.23
9.24
9.30
9.31
9.31
9.33
9.40
9.36
9.37
9.38
9.47
9.44
9.46
9.46
9.47
9.47
9.49
9.46
9.47
9.48
9.46
9.51
9.49
9.49
9.49
9.44
9.47
9.50
9.45
9.46
9.44
9.48
9.43
9.46
9.45
9.47
9.41
9.38
9.38
9.41
9.39
9.39
9.38
9.33
9.32
9.30
9.31
9.32
9.25
9.23
9999.00
9.25
9.24
9.25
9.21
9.20
9.21
9.22
9.15
9.13
9.14
9.14
9.10
9.06
9.04
9.08
9.07
9.04
9.02
8.98
8.99
8.99
9.01
9.00
8.99
8.99
9.00
8.99
8.97
8.94
8.93
8.94
8.94
8.94
8.93
8.95
8.93
8.91
8.94
8.94
8.94
8.92
8.95
8.94
8.97
8.99
8.99
9.01
8.98
9.01
9.04
9.09
9.06
9.14
9.13
9.16
9.14
9.13
9.18
9.22
9.22
9.20
9.21
9.22
9.21
9.21
9.23
9.20
9.18
9.21
9.22
9.21
9.20
9.21
9.23
9.21
9.20
9.18
9.20
9.21
9.19
9.19
9.19
9.15
9.14
9.11
9.14
9.15
9.13
9.13
9.13
9.08
9.06
9.06
9.06
9.08
9.04
8.99
9.00
9.01
8.99
8.95
8.94
8.94
8.93
8.93
8.88
8.86
8.85
8.86
8.85
8.79
8.78
8.77
8.80
8.76
8.71
8.71
8.73
8.72
8.72
8.71
8.72
8.73
8.72
8.72
8.72
8.73
8.77
8.77
8.81
8.77
8.79
8.79
8.81
8.82
8.85
8.86
8.88
8.91
8.92
8.92
9.01
8.99
9.02
9.06
9.07
9.13
9.16
9.20
9.24
9.25
9.31
9.30
9.34
9.41
9.36
9.36
9.41
9.47
9.45
9.45
9.47
9.46
9.49
9.48
9.50
9.55
9.52
9.51
9.54
9.54
9.51
9.53
9.49
9.54
9.48
9.53
9.51
9.48
9.45
9.44
9.46
9.47
9.46
9.46
9.46
9.47
9.45
9.38
9.39
9.41
9.38
9.37
9.38
9.35
9.31
9.30
9.31
9.33
9.23
9999.00
9.29
9.23
9.23
9.22
9.25
9.20
9.20
9.20
9.20
9.14
9.12
9.13
9.14
9.09
9.06
9.06
9.05
9.08
9.07
9.06
9.00
9.01
8.99
8.99
9.00
8.98
8.99
8.99
8.96
9.00
8.99
8.97
8.99
9.01
9.00
8.97
9.00
8.96
8.98
8.96
8.97
8.98
9.00
8.96
8.97
8.99
9.01
8.98
9.06
9.06
9.08
9.09
9.14
9.15
9.14
9.16
9.20
9.22
9.21
9.20
9.19
9.22
9.21
9.19
9.20
9.21
9.22
9.20
9.20
9.21
9.22
9.20
9.20
9.21
9.20
9.20
9.20
9.22
9.20
9.20
9.21
9.21
9.18
9.18
9.20
9.13
9.13
9.11
9.15
9.11
9.14
9.10
9.07
9.07
9.06
9.06
9.02
9.01
8.97
8.99
9.00
9.01
8.94
8.93
8.92
8.94
8.90
8.86
8.85
8.87
8.86
8.82
8.80
8.78
8.78
8.80
8.78
8.79
8.77
8.81
8.79
8.77
8.78
8.79
8.79
8.77
8.78
8.79
8.79
8.78
8.85
8.86
8.88
8.85
8.86
8.87
8.94
8.92
8.92
8.99
9.02
8.99
9.04
9.06
9.14
9.13
9.18
9.20
9.24
9.24
9.30
9.30
9.38
9.39
9.39
9.45
9.46
9.47
9.46
9.47
9.50
9.53
9.53
9.52
9.54
9.51
9.53
9.55
9.54
9.53
9.54
9.57
9.54
9.53
9.52
9.54
9.54
9.51
9.55
9.51
9.50
9.49
9.45
9.46
9.48
9.45
9.48
9.47
9.43
9.43
9.41
9.39
9.38
9.38
9.40
9.40
9.31
9.31
9.31
9.33
9999.00
9.31
9.26
9.23
9.23
9.22
9.25
9.20
9.20
9.21
9.19
9.13
9.13
9.14
9.14
9.13
9.12
9.06
9.07
9.06
9.06
9.06
9.08
9.06
9.02
9.02
9.04
9.01
8.99
8.99
9.01
9.00
8.99
8.98
9.01
8.99
8.99
8.97
9.00
8.97
8.97
8.99
8.99
9.00
9.00
8.98
9.00
9.01
9.07
9.06
9.06
9.07
9.15
9.12
9.13
9.16
9.18
9.20
9.20
9.21
9.22
9.20
9.21
9.21
9.22
9.20
9.21
9.19
9.22
9.20
9.19
9.19
9.21
9.21
9.20
9.18
9.21
9.21
9.20
9.20
9.21
9.21
9.19
9.20
9.19
9.22
9.13
9.12
9.13
9.15
9.13
9.14
9.07
9.10
9.06
9.06
9.06
9.03
9.07
8.98
8.99
9.01
8.99
8.99
8.98
8.96
8.92
8.90
8.94
8.93
8.87
8.85
8.86
8.86
8.85
8.85
8.81
8.82
8.77
8.76
8.78
8.80
8.79
8.80
8.85
8.87
8.85
8.85
8.86
8.85
8.85
8.87
8.86
8.92
8.90
8.93
8.95
8.99
8.99
9.01
9.05
9.06
9.06
9.15
9.14
9.14
9.20
9.22
9.24
9.28
9.30
9.36
9.39
9.38
9.45
9.51
9.47
9.43
9.49
9.53
9.55
9.52
9.52
9.53
9.55
9.53
9.55
9.53
9.53
9.55
9.55
9.52
9.48
9.52
9.55
9.54
9.53
9.53
9.55
9.53
9.52
9.53
9.54
9.49
9.48
9.52
9.46
9.47
9.45
9.46
9.45
9.46
9.42
9.38
9.39
9.40
9.38
9.35
9.31
9.32
9.30
9999.00
9.31
9.30
9.26
9.24
9.24
9.23
9.23
9.20
9.22
9.21
9.19
9.17
9.13
9.13
9.14
9.15
9.13
9.11
9.11
9.07
9.04
9.06
9.05
9.07
9.03
9.05
9.05
9.06
9.04
9.05
9.06
9.05
9.00
9.00
9.00
9.00
8.97
8.98
9.00
8.98
8.99
8.97
9.00
9.01
8.99
9.01
9.07
9.07
9.07
9.06
9.11
9.14
9.12
9.13
9.12
9.22
9.20
9.20
9.21
9.21
9.21
9.20
9.19
9.22
9.18
9.20
9.19
9.22
9.19
9.19
9.18
9.23
9.20
9.17
9.20
9.22
9.20
9.20
9.19
9.23
9.21
9.19
9.19
9.20
9.14
9.12
9.13
9.14
9.15
9.13
9.12
9.12
9.04
9.09
9.07
9.05
9.04
9.08
9.04
9.05
9.01
9.01
8.99
8.99
8.98
9.01
8.95
8.92
8.92
8.94
8.90
8.85
8.84
8.87
8.86
8.85
8.85
8.86
8.87
8.83
8.85
8.85
8.86
8.86
8.85
8.83
8.90
8.86
8.91
8.93
8.94
8.93
8.94
8.98
9.01
8.99
9.01
9.04
9.08
9.06
9.13
9.14
9.18
9.21
9.20
9.24
9.24
9.29
9.30
9.38
9.39
9.41
9.45
9.46
9.47
9.47
9.52
9.53
9.57
9.53
9.53
9.55
9.55
9.53
9.50
9.55
9.55
9.53
9.53
9.53
9.57
9.53
9.54
9.53
9.55
9.54
9.51
9.53
9.52
9.54
9.54
9.52
9.52
9.50
9.47
9.47
9.46
9.46
9.46
9.47
9.46
9.46
9.46
9.41
9.39
9.37
9.38
9.39
9.30
9.30
9999.00
9.30
9.30
9.31
9.25
9.22
9.23
9.23
9.23
9.19
9.19
9.19
9.20
9.18
9.20
9.13
9.14
9.12
9.10
9.13
9.12
9.08
9.03
9.08
9.06
9.05
9.06
9.08
9.07
9.06
9.07
9.07
9.07
9.03
9.06
9.02
8.98
8.99
8.99
8.99
9.00
8.97
8.98
9.00
9.01
9.05
9.02
9.06
9.05
9.04
9.06
9.08
9.14
9.13
9.13
9.12
9.18
9.20
9.19
9.19
9.22
9.21
9.19
9.19
9.22
9.20
9.18
9.19
9.17
9.18
9.20
9.22
9.19
9.20
9.20
9.19
9.18
9.17
9.19
9.21
9.19
9.19
9.16
9.17
9.14
9.11
9.14
9.15
9.13
9.13
9.13
9.14
9.13
9.08
9.05
9.08
9.04
9.05
9.05
9.08
9.04
9.04
9.01
9.01
8.98
8.99
8.96
8.96
8.93
8.91
8.92
8.91
8.92
8.88
8.85
8.87
8.86
8.85
8.85
8.87
8.85
8.85
8.85
8.86
8.93
8.90
8.92
8.92
8.94
8.93
8.94
8.95
9.00
8.99
8.99
9.05
9.05
9.04
9.07
9.11
9.09
9.15
9.19
9.21
9.22
9.23
9.27
9.30
9.29
9.36
9.38
9.40
9.46
9.47
9.49
9.46
9.51
9.51
9.52
9.52
9.53
9.53
9.54
9.52
9.52
9.54
9.57
9.51
9.53
9.53
9.53
9.55
9.52
9.53
9.55
9.53
9.53
9.52
9.55
9.51
9.52
9.53
9.55
9.52
9.52
9.53
9.48
9.46
9.46
9.45
9.47
9.46
9.46
9.45
9.45
9.38
9.38
9.37
9.39
9.34
9.31
9999.00
9.30
9.31
9.30
9.29
9.24
9.23
9.24
9.25
9.23
9.21
9.20
9.21
9.19
9.20
9.20
9.19
9.14
9.13
9.13
9.14
9.13
9.13
9.08
9.11
9.06
9.04
9.06
9.07
9.06
9.04
9.06
9.08
9.06
9.04
9.04
9.01
9.00
8.97
9.00
8.98
8.99
9.00
9.04
9.02
9.06
9.06
9.07
9.05
9.06
9.06
9.08
9.13
9.11
9.13
9.15
9.15
9.16
9.20
9.21
9.19
9.17
9.20
9.20
9.20
9.18
9.15
9.13
9.14
9.13
9.16
9.19
9.18
9.15
9.22
9.16
9.14
9.15
9.16
9.14
9.10
9.13
9.14
9.13
9.12
9.13
9.13
9.14
9.12
9.13
9.14
9.14
9.07
9.08
9.07
9.07
9.06
9.03
9.06
9.07
9.06
9.03
9.02
8.99
9.01
8.99
8.97
9.00
8.92
8.92
8.91
8.93
8.92
8.91
8.90
8.94
8.87
8.90
8.90
8.91
8.90
8.93
8.91
8.93
8.91
8.92
8.93
8.93
8.97
9.00
8.97
8.98
8.99
9.05
9.06
9.05
9.08
9.13
9.14
9.13
9.20
9.22
9.24
9.23
9.22
9.30
9.31
9.30
9.38
9.36
9.38
9.44
9.45
9.47
9.45
9.47
9.47
9.54
9.54
9.50
9.52
9.52
9.55
9.55
9.53
9.51
9.54
9.53
9.52
9.53
9.57
9.53
9.52
9.51
9.55
9.52
9.52
9.52
9.52
9.51
9.50
9.52
9.54
9.53
9.51
9.50
9.50
9.45
9.45
9.45
9.48
9.45
9.45
9.46
9.44
9.37
9.39
9.38
9.35
9.34
9.31
9999.00
9.30
9.33
9.30
9.30
9.29
9.24
9.22
9.22
9.24
9.23
9.23
9.21
9.22
9.20
9.19
9.17
9.20
9.19
9.13
9.08
9.14
9.08
9.12
9.13
9.14
9.13
9.12
9.08
9.13
9.09
9.07
9.03
9.07
9.06
9.04
9.06
9.04
9.04
8.98
9.02
9.04
9.07
9.05
9.03
9.04
9.07
9.05
9.04
9.04
9.10
9.10
9.12
9.13
9.14
9.13
9.13
9.17
9.14
9.18
9.17
9.22
9.19
9.14
9.13
9.13
9.12
9.13
9.12
9.13
9.14
9.12
9.12
9.13
9.14
9.13
9.11
9.14
9.14
9.11
9.12
9.13
9.14
9.13
9.13
9.13
9.15
9.13
9.10
9.14
9.12
9.09
9.07
9.04
9.05
9.05
9.06
9.07
9.05
9.05
9.03
9.03
8.98
8.99
9.02
8.98
8.98
8.94
8.99
8.89
8.92
8.92
8.93
8.94
8.93
8.93
8.95
8.93
8.93
8.95
8.94
8.92
8.94
8.96
8.92
8.94
9.01
9.02
9.00
9.01
9.01
9.05
9.09
9.09
9.08
9.16
9.17
9.15
9.18
9.23
9.24
9.26
9.25
9.26
9.34
9.31
9.34
9.36
9.42
9.41
9.43
9.44
9.50
9.48
9.48
9.49
9.50
9.49
9.53
9.55
9.55
9.55
9.56
9.55
9.58
9.57
9.56
9.53
9.57
9.54
9.53
9.57
9.60
9.57
9.56
9.54
9.58
9.56
9.57
9.59
9.58
9.53
9.58
9.55
9.56
9.57
9.56
9.54
9.52
9.49
9.50
9.49
9.49
9.48
9.51
9.44
9.43
9.41
9.43
9.41
9.33
9999.00
9.41
9.38
9.37
9.36
9.33
9.33
9.34
9.30
9.26
9.26
9.25
9.27
9.25
9.25
9.23
9.25
9.23
9.23
9.20
9.21
9.18
9.16
9.16
9.17
9.16
9.16
9.17
9.15
9.17
9.15
9.16
9.18
9.13
9.09
9.09
9.11
9.09
9.08
9.08
9.09
9.10
9.08
9.10
9.08
9.08
9.08
9.10
9.08
9.08
9.10
9.12
9.15
9.16
9.15
9.15
9.16
9.15
9.15
9.17
9.15
9.16
9.16
9.17
9.13
9.15
9.15
9.17
9.16
9.15
9.16
9.18
9.15
9.15
9.15
9.18
9.16
9.16
9.16
9.17
9.16
9.15
9.15
9.15
9.16
9.12
9.08
9.14
9.11
9.10
9.07
9.10
9.09
9.08
9.08
9.10
9.05
9.06
9.07
9.06
9.02
9.01
9.02
9.03
9.03
9.02
9.03
9.03
8.99
8.94
8.95
8.94
8.95
8.94
8.95
8.97
8.95
8.95
8.94
8.97
8.97
8.99
9.01
9.03
9.01
9.02
9.01
9.04
9.04
9.07
9.09
9.11
9.13
9.13
9.16
9.18
9.21
9.21
9.23
9.25
9.27
9.25
9.28
9.35
9.35
9.35
9.40
9.42
9.40
9.41
9.43
9.48
9.49
9.49
9.50
9.52
9.55
9.57
9.55
9.55
9.53
9.56
9.65
9.63
9.62
9.64
9.66
9.64
9.65
9.65
9.63
9.63
9.62
9.63
9.64
9.62
9.64
9.65
9.64
9.63
9.64
9.65
9.64
9.64
9.64
9.65
9.62
9.63
9.61
9.54
9.55
9.56
9.55
9.55
9.50
9.48
9.48
9.50
9.47
9.39
9.41
9999.00
9.51
9.47
9.50
9.45
9.40
9.42
9.42
9.33
9.32
9.32
9.32
9.28
9.24
9.25
9.27
9.25
9.25
9.22
9.23
9.23
9.22
9.19
9.19
9.20
9.14
9.15
9.16
9.16
9.14
9.15
9.12
9.13
9.16
9.16
9.10
9.09
9.09
9.09
9.08
9.08
9.10
9.09
9.08
9.08
9.11
9.09
9.08
9.07
9.09
9.16
9.15
9.15
9.14
9.17
9.13
9.15
9.16
9.17
9.14
9.15
9.15
9.16
9.15
9.14
9.14
9.16
9.11
9.10
9.10
9.14
9.14
9.14
9.14
9.17
9.15
9.15
9.10
9.10
9.08
9.07
9.12
9.10
9.08
9.08
9.07
9.09
9.09
9.07
9.05
9.09
9.09
9.07
9.07
9.08
9.07
9.07
9.03
9.03
9.02
9.01
9.03
9.02
9.01
9.00
9.03
9.00
9.01
8.99
8.96
8.94
8.94
8.94
8.95
8.94
8.93
8.95
9.01
9.01
9.01
9.02
9.01
9.00
9.01
9.02
9.04
9.05
9.09
9.09
9.08
9.14
9.15
9.16
9.14
9.20
9.23
9.23
9.22
9.25
9.26
9.32
9.33
9.32
9.33
9.41
9.40
9.40
9.41
9.49
9.50
9.47
9.49
9.56
9.55
9.53
9.57
9.63
9.63
9.64
9.65
9.71
9.70
9.72
9.72
9.70
9.76
9.77
9.77
9.77
9.79
9.81
9.77
9.78
9.81
9.83
9.87
9.87
9.87
9.86
9.86
9.83
9.86
9.77
9.79
9.79
9.79
9.78
9.78
9.80
9.72
9.68
9.71
9.72
9.61
9.63
9.63
9.65
9.58
9.55
9.56
9.53
9999.00
9.71
9.70
9.63
9.64
9.60
9.54
9.54
9.51
9.48
9.47
9.39
9.41
9.40
9.34
9.32
9.34
9.32
9.28
9.26
9.24
9.24
9.25
9.26
9.22
9.22
9.22
9.23
9.21
9.21
9.20
9.16
9.15
9.14
9.15
9.16
9.12
9.14
9.13
9.14
9.13
9.11
9.12
9.12
9.13
9.14
9.16
9.16
9.15
9.15
9.16
9.17
9.15
9.14
9.15
9.15
9.14
9.15
9.17
9.16
9.15
9.14
9.16
9.16
9.15
9.14
9.14
9.11
9.10
9.10
9.09
9.09
9.10
9.10
9.09
9.10
9.08
9.10
9.09
9.09
9.07
9.09
9.09
9.08
9.09
9.08
9.08
9.08
9.08
9.10
9.08
9.08
9.09
9.09
9.08
9.08
9.05
9.05
9.01
9.01
9.01
9.03
9.02
9.01
9.02
9.03
9.01
9.01
9.02
9.01
9.00
9.02
9.00
9.00
8.99
9.01
9.02
9.03
9.01
9.02
9.02
9.02
9.06
9.08
9.09
9.10
9.08
9.13
9.16
9.17
9.15
9.23
9.24
9.21
9.23
9.25
9.27
9.27
9.30
9.31
9.36
9.40
9.38
9.41
9.47
9.47
9.48
9.50
9.55
9.55
9.55
9.66
9.63
9.69
9.71
9.75
9.78
9.78
9.87
9.86
9.88
9.96
9.97
9.95
10.02
10.05
10.03
10.03
10.08
10.10
10.14
10.11
10.14
10.12
10.14
10.14
10.22
10.20
10.19
10.21
10.21
10.16
10.17
10.12
10.11
10.11
10.12
10.10
10.08
10.08
10.03
10.04
10.05
9.96
9.92
9.91
9.85
9.86
9.83
9.79
9.79
9999.00
10.10
10.11
10.01
10.03
9.94
9.96
9.85
9.78
9.77
9.72
9.70
9.63
9.61
9.55
9.53
9.48
9.51
9.46
9.40
9.40
9.41
9.33
9.32
9.32
9.34
9.26
9.24
9.25
9.27
9.25
9.24
9.22
9.24
9.20
9.22
9.20
9.24
9.20
9.15
9.15
9.17
9.15
9.15
9.15
9.15
9.15
9.16
9.16
9.15
9.15
9.17
9.16
9.15
9.15
9.17
9.16
9.15
9.16
9.15
9.16
9.15
9.13
9.17
9.16
9.13
9.15
9.18
9.15
9.15
9.17
9.15
9.15
9.15
9.15
9.13
9.14
9.16
9.17
9.10
9.08
9.11
9.10
9.07
9.08
9.09
9.10
9.08
9.06
9.09
9.10
9.08
9.08
9.09
9.06
9.08
9.07
9.08
9.09
9.03
9.07
9.09
9.05
9.07
9.02
9.01
9.02
9.01
9.02
9.02
9.01
9.01
9.01
9.01
9.03
9.01
9.05
9.09
9.09
9.08
9.08
9.10
9.09
9.11
9.16
9.17
9.16
9.16
9.22
9.24
9.23
9.24
9.25
9.25
9.32
9.34
9.32
9.40
9.41
9.49
9.48
9.49
9.55
9.57
9.62
9.63
9.71
9.73
9.78
9.80
9.87
9.87
9.94
10.05
10.05
10.11
10.10
10.23
10.24
10.27
10.30
10.37
10.38
10.48
10.49
10.58
10.58
10.59
10.59
10.65
10.69
10.69
10.72
10.70
10.70
10.71
10.81
10.78
10.79
10.81
10.76
10.70
10.71
10.69
10.70
10.71
10.68
10.60
10.62
10.60
10.60
10.50
10.46
10.47
10.41
10.39
10.31
10.27
10.26
10.23
10.20
9999.00
10.83
10.79
10.76
10.69
10.59
10.58
10.47
10.41
10.30
10.29
10.21
10.14
10.11
10.05
9.97
9.87
9.87
9.80
9.77
9.71
9.73
9.64
9.60
9.52
9.57
9.53
9.48
9.48
9.42
9.43
9.40
9.33
9.35
9.34
9.33
9.27
9.27
9.26
9.24
9.25
9.28
9.25
9.25
9.22
9.24
9.21
9.22
9.22
9.24
9.23
9.22
9.22
9.24
9.22
9.20
9.24
9.22
9.21
9.22
9.24
9.23
9.21
9.22
9.20
9.18
9.20
9.16
9.17
9.18
9.16
9.16
9.20
9.15
9.15
9.15
9.18
9.15
9.16
9.16
9.18
9.15
9.16
9.15
9.17
9.15
9.16
9.16
9.17
9.15
9.15
9.13
9.10
9.11
9.10
9.09
9.09
9.09
9.10
9.08
9.08
9.09
9.10
9.09
9.09
9.10
9.09
9.08
9.08
9.10
9.10
9.08
9.08
9.10
9.09
9.09
9.08
9.11
9.17
9.16
9.18
9.16
9.16
9.22
9.25
9.22
9.25
9.25
9.27
9.33
9.33
9.37
9.42
9.41
9.48
9.51
9.56
9.59
9.63
9.71
9.72
9.79
9.86
9.87
9.93
10.03
10.12
10.12
10.19
10.27
10.37
10.48
10.60
10.68
10.69
10.81
10.92
11.00
11.00
11.13
11.11
11.22
11.23
11.28
11.32
11.33
11.34
11.39
11.45
11.43
11.42
11.44
11.42
11.43
11.43
11.46
11.51
11.55
11.53
11.52
11.53
11.49
11.43
11.41
11.43
11.43
11.42
11.39
11.33
11.32
11.33
11.31
11.21
11.22
11.19
11.09
11.11
11.07
11.01
11.00
10.93
9999.00
11.93
11.79
11.77
11.80
11.65
11.67
11.54
11.54
11.41
11.32
11.34
11.21
11.12
11.03
10.90
10.80
10.72
10.59
10.54
10.48
10.39
10.29
10.25
10.20
10.12
10.07
10.04
9.95
9.92
9.83
9.79
9.78
9.71
9.71
9.69
9.61
9.63
9.58
9.55
9.56
9.58
9.54
9.50
9.50
9.48
9.52
9.49
9.48
9.48
9.47
9.42
9.40
9.41
9.42
9.41
9.40
9.40
9.43
9.38
9.40
9.40
9.42
9.41
9.41
9.39
9.39
9.38
9.38
9.36
9.38
9.36
9.33
9.33
9.34
9.33
9.32
9.31
9.35
9.33
9.33
9.34
9.35
9.33
9.32
9.31
9.29
9.25
9.26
9.26
9.27
9.26
9.25
9.26
9.26
9.25
9.26
9.25
9.23
9.23
9.22
9.24
9.23
9.22
9.21
9.24
9.23
9.23
9.24
9.22
9.23
9.24
9.23
9.23
9.24
9.27
9.27
9.25
9.25
9.29
9.34
9.33
9.33
9.40
9.42
9.46
9.48
9.55
9.56
9.61
9.64
9.72
9.72
9.79
9.87
9.95
10.04
10.10
10.14
10.23
10.38
10.46
10.56
10.72
10.82
10.90
11.02
11.10
11.27
11.44
11.54
11.67
11.80
11.91
11.96
12.06
12.17
12.17
12.17
12.28
12.29
12.29
12.30
12.28
12.25
12.31
12.25
12.28
12.30
12.29
12.32
12.30
12.28
12.28
12.32
12.29
12.34
12.31
12.28
12.28
12.31
12.28
12.29
12.32
12.28
12.28
12.31
12.25
12.17
12.18
12.13
12.15
12.16
12.05
12.03
12.04
12.06
12.03
12.03
12.04
11.97
9999.00
12.97
13.03
13.04
12.86
12.88
12.88
12.86
12.83
12.71
12.68
12.72
12.60
12.53
12.43
12.41
12.29
12.27
12.19
12.03
11.99
11.93
11.79
11.67
11.57
11.42
11.35
11.34
11.12
11.09
11.01
10.92
10.81
10.69
10.67
10.56
10.47
10.50
10.36
10.38
10.28
10.30
10.23
10.18
10.21
10.20
10.21
10.31
10.31
10.29
10.21
10.21
10.21
10.19
10.12
10.12
10.16
10.12
10.11
10.13
10.11
10.06
10.05
10.05
10.04
10.06
10.11
10.10
9.97
10.12
10.17
10.13
10.09
10.19
10.22
10.21
9.98
10.01
10.10
10.00
9.87
9.87
9.84
10.05
9.97
9.86
9.81
9.79
9.78
9.71
9.73
9.70
9.71
9.73
9.71
9.70
9.67
9.64
9.64
9.62
9.65
9.62
9.63
9.64
9.63
9.63
9.57
9.64
9.60
9.60
9.63
9.64
9.66
9.59
9.63
9.61
9.65
9.68
9.70
9.78
9.81
9.78
9.84
9.91
9.97
10.03
10.13
10.12
10.21
10.31
10.39
10.48
10.61
10.71
10.88
11.01
11.15
11.31
11.45
11.69
11.86
12.04
12.25
12.43
12.57
12.74
12.88
13.01
13.20
13.17
13.28
13.35
13.41
13.49
13.52
13.48
13.48
13.48
13.53
13.62
13.66
13.64
13.61
13.61
13.66
13.63
13.65
13.67
13.65
13.63
13.62
13.63
13.63
13.67
13.63
13.58
13.69
13.63
13.63
13.67
13.66
13.60
13.57
13.45
13.49
13.50
13.51
13.47
13.48
13.52
13.32
13.32
13.36
13.32
13.28
13.20
13.17
13.19
13.17
13.16
13.13
9999.00
14.54
14.55
14.57
14.36
14.35
14.38
14.31
14.15
14.20
14.19
13.99
14.01
14.02
13.89
13.83
13.86
13.64
13.64
13.60
13.53
13.51
13.45
13.34
13.35
13.22
13.11
13.18
13.03
13.05
12.92
12.88
12.85
12.73
12.74
12.64
12.60
12.46
12.44
12.45
12.30
12.31
12.20
12.17
12.16
12.11
12.03
12.03
12.02
11.92
11.92
11.94
11.90
11.90
11.82
11.80
11.79
11.81
11.80
11.79
11.80
11.73
11.67
11.70
11.68
11.67
11.69
11.69
11.67
11.67
11.69
11.63
11.56
11.59
11.55
11.55
11.59
11.50
11.43
11.46
11.42
11.46
11.38
11.34
11.36
11.32
11.24
11.24
11.19
11.18
11.15
11.11
11.11
11.03
11.01
10.98
10.96
10.90
10.91
10.92
10.85
11.06
11.32
11.34
11.24
10.99
10.89
10.76
10.71
10.70
10.72
10.72
10.81
10.82
10.82
10.81
11.09
10.99
10.97
11.03
11.11
11.14
11.26
11.33
11.46
11.56
11.80
11.92
12.05
12.20
12.43
12.59
12.78
13.04
13.14
13.35
13.49
13.63
13.85
14.00
14.15
14.33
14.38
14.54
14.58
14.72
14.73
14.95
14.90
15.00
15.22
15.16
15.11
15.37
15.43
15.36
15.39
15.42
15.39
15.43
15.43
15.62
15.60
15.62
15.62
15.60
15.60
15.56
15.60
15.60
15.63
15.62
15.55
15.63
15.62
15.63
15.50
15.51
15.47
15.43
15.34
15.39
15.44
15.36
15.38
15.30
15.17
15.14
15.19
15.21
15.05
14.93
14.97
14.92
14.88
14.84
14.73
14.73
14.77
14.55
14.58
9999.00
15.82
15.76
15.80
15.74
15.63
15.58
15.54
15.65
15.46
15.34
15.42
15.37
15.14
15.20
15.20
15.08
14.86
14.95
14.86
14.77
14.75
14.66
14.54
14.55
14.55
14.35
14.38
14.38
14.29
14.14
14.16
14.12
13.99
13.97
13.99
13.93
13.85
13.84
13.83
13.79
13.79
13.64
13.66
13.66
13.65
13.57
13.53
13.49
13.46
13.50
13.51
13.50
13.49
13.40
13.52
13.46
13.38
13.51
13.46
13.45
13.52
13.42
13.43
13.47
13.51
13.44
13.50
13.49
13.48
13.53
13.46
13.43
13.50
13.48
13.48
13.43
13.42
13.32
13.35
13.33
13.33
13.35
13.35
13.27
13.33
13.27
13.30
13.19
13.22
13.22
13.15
13.19
13.18
13.18
13.19
13.01
13.07
13.05
13.03
13.03
13.05
12.97
13.03
13.04
12.96
13.01
13.04
13.02
13.03
13.02
13.04
13.01
13.04
13.17
13.13
13.18
13.32
13.32
13.32
13.42
13.51
13.67
13.72
13.85
13.90
14.00
14.17
14.21
14.37
14.53
14.54
14.73
14.77
14.94
15.17
15.27
15.34
15.56
15.61
15.83
15.82
15.99
16.08
16.20
16.24
16.30
16.44
16.40
16.50
16.74
16.72
16.69
16.75
16.80
16.93
17.00
16.97
16.96
16.98
16.99
16.92
16.95
17.01
16.90
16.98
16.98
17.00
16.94
16.97
16.98
16.88
16.95
16.77
16.83
16.74
16.72
16.68
16.69
16.70
16.76
16.66
16.55
16.66
16.51
16.49
16.49
16.52
16.50
16.38
16.28
16.25
16.24
16.25
16.13
16.07
16.02
16.04
16.07
15.99
15.81
9999.00
16.43
16.49
16.54
16.49
16.47
16.54
16.42
16.28
16.36
16.27
16.18
16.19
16.30
16.13
16.02
16.07
15.96
16.03
16.07
15.77
15.83
15.83
15.87
15.75
15.59
15.65
15.57
15.58
15.55
15.40
15.41
15.42
15.35
15.29
15.19
15.21
15.16
15.16
15.11
15.00
14.91
14.95
14.92
14.93
14.84
14.76
14.81
14.79
14.75
14.73
14.74
14.78
14.73
14.72
14.76
14.74
14.76
14.71
14.65
14.71
14.73
14.73
14.71
14.74
14.78
14.68
14.71
14.75
14.74
14.73
14.74
14.78
14.73
14.71
14.77
14.73
15.09
15.44
14.64
14.57
14.70
14.65
14.60
14.58
14.56
17.37
16.91
17.05
14.88
14.73
16.21
15.86
15.30
14.45
14.37
14.35
14.37
14.59
15.45
16.04
16.06
16.05
16.18
16.31
15.30
14.81
14.40
14.38
14.45
14.55
14.55
14.51
14.53
14.57
14.54
14.55
14.76
14.74
14.73
14.77
14.91
14.93
15.12
15.68
19.61
19.04
19.45
18.79
18.68
18.54
18.55
19.77
16.69
16.48
21.70
20.38
18.30
18.15
18.22
18.80
18.81
20.11
20.43
20.37
20.71
20.61
20.37
20.37
20.36
20.57
22.03
21.99
20.09
21.20
22.91
23.24
23.74
22.83
22.49
22.72
22.46
23.58
22.11
19.15
18.93
18.87
18.86
18.85
18.84
18.88
18.85
18.82
18.88
18.95
18.87
18.87
18.90
18.82
18.84
18.85
18.83
18.85
18.89
18.84
18.83
20.42
20.25
19.06
18.82
18.65
18.51
18.78
19.75
19.07
19.22
20.05
20.12
20.36
19.76
18.46
9999.00
21.42
22.17
22.82
21.85
20.71
20.65
20.71
21.23
20.70
20.64
20.66
22.48
22.95
22.96
21.53
20.20
20.10
19.99
20.09
20.11
20.05
20.01
20.90
20.37
20.22
20.18
20.14
20.20
20.31
20.11
20.13
19.80
22.07
18.35
17.64
16.21
16.25
16.30
19.65
20.43
17.42
16.03
16.06
16.00
15.99
16.00
15.99
16.01
15.97
15.97
16.02
15.97
16.01
15.87
15.85
15.80
16.04
15.86
15.97
15.92
15.93
15.75
15.88
15.87
15.81
15.83
15.99
15.86
15.83
15.82
15.87
15.87
15.89
15.85
15.83
15.93
15.78
15.85
15.85
15.82
15.80
15.83
15.86
15.83
15.81
15.86
15.76
15.76
15.76
15.70
15.81
15.62
15.63
15.63
15.60
15.64
15.61
15.61
15.62
15.62
15.54
15.63
15.64
15.53
15.65
15.59
15.57
15.65
15.61
15.60
15.63
15.60
15.77
15.80
15.78
15.78
15.82
15.85
16.00
15.99
16.08
16.06
16.02
16.31
16.22
17.32
17.05
16.55
16.42
16.58
16.76
16.74
16.72
16.78
16.92
16.89
16.96
17.45
17.71
17.60
17.25
17.16
18.69
19.10
19.41
18.52
19.12
18.85
18.82
18.52
18.80
18.72
18.77
18.81
18.76
18.79
18.71
18.85
18.75
18.53
18.42
18.59
18.20
18.66
18.59
18.70
18.78
18.78
18.80
18.53
18.53
18.56
18.45
18.51
18.57
18.19
17.48
17.16
18.06
18.05
18.16
18.45
18.34
17.99
17.95
18.25
18.26
18.02
18.20
18.38
18.61
19.70
19.17
19.16
18.76
17.22
16.89
16.88
17.01
16.92
9999.00
17.15
17.10
17.75
17.29
17.02
17.21
22.86
22.21
22.20
22.51
23.21
23.25
22.37
22.93
22.83
22.54
22.90
21.04
21.72
21.63
17.92
16.98
16.90
18.05
18.84
20.89
22.63
16.95
16.92
16.79
16.90
16.74
16.77
16.73
16.76
16.71
16.74
16.75
16.61
16.41
