4.90
4.94
5.26
5.30
5.30
4.91
4.90
4.90
4.92
4.93
4.91
4.90
4.92
4.92
5.34
5.36
5.34
5.30
4.94
5.36
5.37
5.37
5.78
6.02
5.76
5.37
5.35
4.96
4.95
4.94
4.96
4.95
4.98
5.37
5.36
5.35
4.95
4.95
4.95
4.97
4.96
4.96
4.97
4.95
4.95
4.95
4.95
4.95
5.15
5.34
5.36
5.41
5.41
5.41
5.42
5.41
5.40
5.40
5.41
5.39
5.42
5.41
5.41
5.41
5.40
5.40
5.41
5.41
5.40
5.42
5.40
5.41
5.41
5.41
5.42
5.42
5.41
5.30
5.42
5.41
5.41
5.40
5.39
5.36
5.41
5.39
5.39
5.38
5.31
5.12
5.19
5.02
4.96
4.85
4.97
4.99
5.21
5.01
4.95
4.97
4.97
4.96
5.03
4.95
4.94
5.14
5.34
5.37
5.37
5.36
5.34
5.17
5.35
5.36
5.33
5.37
5.17
4.93
4.91
4.92
4.91
4.92
4.90
4.80
4.91
4.91
4.86
4.91
4.91
5.30
5.31
5.32
5.25
5.31
5.31
5.31
5.31
5.31
5.31
5.30
5.30
5.31
5.31
5.30
5.32
5.31
5.31
5.33
5.31
5.32
5.32
5.32
5.32
5.62
5.31
5.39
5.68
5.43
5.31
5.31
5.31
5.31
5.30
5.31
5.56
5.71
5.66
5.59
5.44
5.26
5.26
5.26
5.26
5.26
5.21
4.85
4.90
4.91
5.24
5.26
5.32
5.31
5.22
5.31
5.31
5.32
5.30
5.29
5.30
5.31
5.30
5.31
5.12
4.92
5.03
5.06
4.90
4.90
4.92
4.91
9999.00
4.91
4.90
4.91
4.90
4.92
4.90
4.92
4.89
4.93
4.90
4.93
4.93
4.98
4.94
4.97
4.97
4.97
4.94
4.96
4.94
4.99
4.95
5.37
5.35
5.14
4.97
4.95
4.96
4.98
4.96
4.96
4.98
4.94
4.96
4.95
4.96
4.97
4.96
4.97
4.96
4.95
4.97
4.98
4.94
4.92
4.95
4.97
4.84
4.95
4.98
4.95
4.98
4.95
5.14
5.00
5.10
4.91
5.21
5.42
5.39
5.40
5.40
5.37
5.29
5.27
5.41
5.15
5.41
5.40
5.41
5.42
5.41
5.41
5.39
5.17
5.29
5.41
5.42
5.40
5.39
4.97
5.39
5.39
5.22
5.16
4.95
4.98
4.96
4.96
4.96
4.95
4.96
4.97
4.96
4.95
4.96
4.95
4.96
4.95
4.96
4.94
4.96
4.96
4.88
4.97
4.94
4.87
4.94
4.96
4.95
4.98
4.95
4.99
4.95
4.98
4.90
4.91
4.91
4.80
4.91
4.91
4.86
4.92
4.92
4.93
4.92
4.92
4.93
4.91
4.91
4.91
4.92
4.91
4.90
4.92
4.92
5.28
5.30
5.31
5.23
4.99
5.11
5.05
5.00
4.91
5.07
5.00
5.16
5.31
5.30
5.32
5.32
5.31
5.31
5.31
5.31
5.31
5.31
5.31
5.31
5.31
5.32
5.31
5.31
5.31
5.31
5.31
5.31
5.21
5.32
5.31
5.23
4.99
4.92
4.87
4.91
4.90
4.92
4.91
4.91
4.83
5.24
5.31
5.31
5.23
5.08
4.92
4.90
4.91
4.91
4.93
4.93
4.92
4.91
4.92
4.91
4.91
4.93
4.91
4.92
9999.00
4.90
4.93
4.92
4.95
4.98
5.05
4.97
4.97
4.96
4.95
4.97
4.96
4.97
4.94
4.98
4.97
4.96
4.97
4.96
4.97
4.97
4.92
4.98
4.99
4.95
4.79
4.97
4.95
4.96
4.94
4.96
4.95
4.96
4.95
4.97
4.95
4.96
4.97
4.97
4.96
4.94
4.95
4.95
5.01
5.01
4.83
4.82
5.00
5.00
5.01
4.99
4.99
5.01
5.02
5.00
5.02
5.01
5.01
5.01
5.02
5.01
5.01
5.01
5.00
5.01
4.99
5.01
5.02
5.00
5.01
5.01
5.02
5.01
4.99
5.02
5.02
5.00
5.02
4.99
5.01
5.01
5.01
5.01
5.00
5.00
5.03
4.98
4.96
4.98
4.96
4.94
4.95
4.73
4.59
4.80
4.96
4.92
4.77
4.94
4.89
4.81
4.93
4.92
4.96
4.95
4.95
4.97
4.95
4.98
4.96
4.95
4.97
4.96
4.97
4.96
4.96
4.95
4.96
4.94
4.97
4.98
4.96
4.96
4.95
4.95
4.92
4.91
4.91
4.92
4.91
4.91
4.90
4.91
4.90
4.92
4.92
4.92
4.90
4.92
4.91
4.93
4.91
4.91
4.91
4.91
4.91
4.90
4.91
4.93
4.90
4.93
4.99
5.24
5.31
5.31
5.31
5.31
5.28
5.31
5.31
5.18
5.31
5.32
5.32
5.31
5.30
5.28
5.31
5.30
5.31
4.90
4.91
4.80
4.92
4.91
4.85
4.91
4.93
4.79
4.92
4.91
4.93
4.89
4.91
4.87
4.91
4.92
4.91
4.92
4.91
4.91
4.91
4.91
4.92
4.90
4.93
4.91
4.90
5.00
5.13
9999.00
4.90
4.94
4.91
4.95
4.97
4.96
4.96
4.95
4.95
4.98
4.94
4.96
4.98
4.96
4.95
4.96
4.89
4.97
4.96
4.94
4.96
4.92
4.65
4.55
4.57
4.80
4.98
4.97
4.83
4.96
4.94
4.98
4.95
4.96
4.97
4.95
4.98
4.99
5.02
5.01
5.01
5.02
5.02
5.02
5.03
5.01
5.01
5.02
5.01
5.00
5.02
5.02
5.01
5.03
5.01
4.99
5.01
5.01
5.01
5.01
5.02
5.00
5.01
5.01
5.01
5.02
5.00
5.01
5.01
4.99
5.01
5.02
5.02
5.02
5.01
5.00
5.02
5.02
5.01
5.00
5.01
5.02
5.02
5.02
5.01
5.01
5.01
4.99
5.01
5.02
5.00
5.02
5.02
4.73
4.60
4.74
4.66
4.73
4.74
4.62
4.58
4.65
4.82
4.60
4.70
4.92
4.90
4.97
4.96
4.86
4.73
4.93
4.73
4.58
4.59
4.57
4.59
4.91
4.97
4.96
4.95
4.98
4.97
4.95
4.95
4.97
4.92
4.92
4.93
4.91
4.91
4.90
4.92
4.90
4.93
4.91
4.91
4.91
4.91
4.90
4.91
4.92
4.90
4.91
4.90
4.92
4.88
4.91
4.93
4.80
4.93
4.92
4.88
4.91
4.91
4.82
4.92
4.91
4.89
4.91
4.92
4.80
4.91
4.93
5.15
4.90
4.91
4.91
4.91
4.92
4.93
4.92
4.90
4.93
4.91
4.90
4.90
4.91
4.91
4.92
4.91
4.91
4.92
4.90
4.91
4.91
4.93
4.90
4.93
4.91
4.91
4.91
4.92
4.91
4.92
4.91
4.91
4.92
4.91
4.96
9999.00
4.95
4.96
4.93
4.96
4.98
4.96
4.98
4.97
4.92
4.96
4.80
4.78
4.60
4.57
4.51
4.56
4.56
4.51
4.57
4.63
4.56
4.56
4.55
4.56
4.55
4.83
4.96
4.95
4.97
4.96
4.95
4.98
4.96
4.95
4.97
4.94
5.01
5.01
5.00
5.02
5.02
5.00
5.02
5.02
5.01
5.02
5.01
4.99
5.00
5.01
5.01
5.01
5.01
5.01
5.02
5.00
5.02
5.02
5.02
4.99
5.01
5.01
4.99
5.02
5.01
5.00
5.02
4.97
5.01
5.02
5.01
5.01
5.01
5.02
5.00
5.01
5.00
5.02
5.01
5.02
5.01
5.00
5.00
5.03
5.00
5.02
5.02
5.00
5.03
5.02
5.01
5.03
5.01
5.00
5.02
5.02
5.01
4.87
4.78
4.57
4.57
4.54
4.56
4.55
4.54
4.55
4.55
4.57
4.58
4.55
4.57
4.55
4.55
4.54
4.55
4.57
4.57
4.55
4.56
4.55
4.64
4.96
4.93
4.97
4.97
4.97
4.95
4.92
4.89
4.77
4.68
4.65
4.54
4.66
4.69
4.77
4.63
4.68
4.88
4.92
4.89
4.73
4.83
4.55
4.79
4.54
4.54
4.92
4.84
4.91
4.91
4.91
4.91
4.90
4.92
4.90
4.91
4.91
4.91
4.92
4.92
4.93
4.90
4.91
4.90
4.93
4.91
4.91
4.91
4.91
4.93
4.91
4.90
4.91
4.91
4.91
4.91
4.91
4.91
4.93
4.89
4.93
4.90
4.90
4.92
4.79
4.90
4.92
4.90
4.86
4.90
4.86
4.91
4.90
4.86
4.91
4.91
4.73
4.96
4.98
9999.00
4.78
4.55
4.57
4.54
4.56
4.57
4.55
4.55
4.57
4.58
4.55
4.56
4.57
4.56
4.55
4.57
4.57
4.55
4.55
4.55
4.56
4.55
4.55
4.55
4.56
4.94
4.99
4.61
4.56
4.58
4.55
4.57
4.73
5.00
5.01
5.01
4.99
5.01
5.01
5.03
5.01
4.98
4.99
5.01
4.90
5.00
5.00
4.99
5.00
5.00
5.01
5.00
5.00
5.01
5.02
5.00
5.03
5.01
5.00
5.00
5.01
4.99
4.92
5.02
5.01
4.98
5.02
5.01
5.01
5.01
5.01
4.99
5.02
5.01
5.01
5.01
5.02
5.00
4.96
5.01
5.00
5.00
5.01
5.01
5.00
5.00
4.93
4.99
4.90
4.76
4.81
4.85
4.92
5.00
5.01
5.02
5.01
5.02
5.02
4.57
4.77
4.55
4.55
4.55
4.55
4.58
4.56
4.56
4.57
4.55
4.55
4.57
4.56
4.55
4.55
4.57
4.55
4.55
4.55
4.56
4.54
4.53
4.55
4.55
4.57
4.57
4.59
4.93
4.94
4.63
4.49
4.51
4.52
4.49
4.53
4.50
4.48
4.50
4.53
4.51
4.48
4.51
4.51
4.51
4.51
4.49
4.51
4.53
4.52
4.53
4.51
4.51
4.49
4.53
4.49
4.52
4.49
4.51
4.53
4.50
4.53
4.51
4.51
4.50
4.50
4.51
4.48
4.49
4.52
4.49
4.50
4.48
4.50
4.50
4.50
4.51
4.52
4.49
4.49
4.55
4.49
4.52
4.50
4.50
4.51
4.53
4.48
4.51
4.49
4.39
4.50
4.51
4.41
4.50
4.53
4.58
4.84
4.94
4.84
4.70
9999.00
4.56
4.56
4.55
4.56
4.56
4.55
4.55
4.57
4.55
4.55
4.54
4.55
4.57
4.55
4.55
4.57
4.57
4.55
4.55
4.57
4.56
4.60
4.60
4.93
5.01
5.02
4.83
4.59
4.57
4.72
4.98
5.01
4.78
4.60
4.60
4.60
4.60
4.61
4.62
4.61
4.60
4.60
4.60
4.66
4.85
4.94
4.98
5.00
4.97
4.98
5.01
5.00
5.03
5.01
5.01
4.98
5.01
4.96
5.03
5.07
4.90
5.05
5.06
5.03
5.01
5.04
5.02
5.06
5.02
5.01
5.07
5.00
5.02
5.06
5.01
4.99
4.97
4.64
4.63
4.63
4.60
4.64
4.63
4.61
4.60
4.61
4.61
4.60
4.60
4.60
4.60
4.61
4.61
4.60
4.61
4.62
4.60
4.60
4.61
4.99
5.00
4.98
4.76
4.58
4.54
4.55
4.57
4.54
4.55
4.55
4.57
4.56
4.55
4.54
4.58
4.55
4.48
4.55
4.56
4.58
4.55
4.54
4.56
4.57
4.55
4.56
4.58
4.54
4.73
4.70
4.57
4.43
4.50
4.53
4.52
4.51
4.50
4.48
4.48
4.50
4.54
4.50
4.53
4.48
4.50
4.53
4.50
4.51
4.51
4.50
4.52
4.51
4.51
4.52
4.50
4.52
4.49
4.49
4.54
4.52
4.51
4.53
4.51
4.49
4.52
4.49
4.55
4.50
4.51
4.49
4.52
4.53
4.49
4.52
4.49
4.50
4.52
4.49
4.51
4.51
4.50
4.52
4.49
4.52
4.41
4.50
4.52
4.50
4.50
4.49
4.51
4.57
4.55
4.55
4.55
4.56
4.53
4.54
4.54
4.55
9999.00
4.56
4.55
4.56
4.57
4.56
4.56
4.56
4.56
4.58
4.57
4.56
4.55
4.55
4.54
4.56
4.57
4.55
4.56
4.58
4.58
4.59
4.60
4.61
4.60
4.67
4.62
4.61
4.60
4.60
4.59
4.60
4.62
4.60
4.60
4.61
4.60
4.60
4.60
4.61
4.61
4.62
4.61
4.60
4.61
4.78
4.82
4.84
5.03
5.00
5.01
5.06
5.06
4.97
5.06
5.07
5.06
5.06
5.06
5.06
5.07
5.05
4.95
5.06
5.07
5.06
5.06
5.07
5.07
5.06
5.05
5.05
5.07
5.06
5.07
5.04
5.06
5.01
4.87
4.85
4.78
4.63
4.60
4.60
4.61
4.61
4.60
4.60
4.60
4.60
4.61
4.60
4.60
4.63
4.61
4.61
4.60
4.60
4.60
4.60
4.61
4.61
4.63
4.60
4.99
4.82
4.54
4.56
4.55
4.55
4.58
4.55
4.54
4.55
4.55
4.57
4.54
4.56
4.58
4.57
4.56
4.45
4.56
4.55
4.54
4.56
4.55
4.56
4.56
4.57
4.67
4.55
4.57
4.89
4.57
4.54
4.59
4.77
4.80
4.51
4.49
4.52
4.51
4.50
4.52
4.51
4.51
4.53
4.50
4.51
4.54
4.51
4.48
4.50
4.51
4.52
4.50
4.51
4.52
4.51
4.49
4.50
4.49
4.52
4.50
4.52
4.51
4.51
4.49
4.52
4.52
4.48
4.52
4.50
4.52
4.51
4.51
4.50
4.52
4.51
4.51
4.52
4.51
4.50
4.51
4.52
4.70
4.54
4.58
4.60
4.56
4.57
4.44
4.54
4.55
4.52
4.55
4.55
4.56
4.55
4.56
9999.00
4.55
4.56
4.56
4.56
4.57
4.56
4.55
4.55
4.56
4.56
4.56
4.56
4.57
4.57
4.73
4.57
5.00
4.87
4.60
4.61
4.61
4.61
4.62
4.61
4.61
4.60
4.60
4.60
4.61
4.60
4.59
4.60
4.61
4.61
4.74
4.71
4.73
4.61
4.51
4.67
4.95
4.95
5.05
5.04
5.05
5.03
4.99
4.97
5.06
5.06
4.95
5.07
5.04
5.03
5.06
5.07
5.01
5.07
5.04
5.05
5.07
5.07
5.06
5.06
5.05
5.06
5.07
5.06
5.05
5.06
5.06
5.06
5.07
5.06
5.06
5.07
5.06
5.07
5.06
5.06
5.07
5.07
5.07
5.03
4.96
4.88
4.66
4.62
4.65
4.61
4.63
4.62
4.62
4.60
4.62
4.61
4.61
4.60
4.60
4.60
4.62
4.60
4.90
4.97
5.01
5.01
4.94
5.01
5.00
4.79
4.87
4.59
4.57
4.57
4.55
4.43
4.55
4.54
4.47
4.56
4.55
4.45
4.57
4.57
4.57
4.57
4.54
4.57
4.58
4.98
4.96
4.96
4.96
4.94
4.98
4.97
4.96
4.97
4.99
4.89
4.96
4.91
4.54
4.51
4.48
4.51
4.48
4.51
4.50
4.52
4.50
4.50
4.57
4.64
4.77
4.69
4.78
4.82
4.70
4.53
4.69
4.69
4.67
4.78
4.73
4.58
4.53
4.57
4.61
4.51
4.53
4.53
4.49
4.54
4.51
4.50
4.53
4.52
4.49
4.48
4.63
4.90
4.95
4.87
4.96
4.98
4.94
4.85
4.91
4.62
4.55
4.57
4.47
4.57
4.56
4.56
4.57
4.58
4.54
4.58
9999.00
4.55
4.54
4.56
4.56
4.58
4.59
4.55
4.56
4.57
4.58
4.63
4.83
5.02
5.01
5.02
5.00
5.02
5.01
5.00
5.01
5.01
5.02
5.02
5.00
5.02
5.01
5.01
5.02
5.00
5.02
5.01
4.99
5.02
4.90
5.02
5.00
5.00
5.02
5.01
4.98
5.02
5.00
5.06
5.06
5.06
5.06
5.05
5.07
5.07
5.07
5.06
5.05
5.06
5.07
5.07
5.06
5.06
5.05
5.06
5.07
5.07
5.07
5.05
5.07
5.06
5.06
5.06
5.06
5.06
5.04
5.05
5.06
5.06
5.06
5.06
5.04
5.05
5.06
5.07
5.06
5.06
5.05
5.06
5.06
5.06
5.03
5.05
5.00
5.01
5.01
5.00
5.02
5.02
5.00
5.01
5.00
5.02
5.01
4.89
5.00
5.00
5.02
5.02
5.01
4.99
5.01
5.01
5.02
5.02
4.99
4.99
5.01
4.89
4.44
4.56
4.56
4.59
4.56
4.57
4.57
4.55
4.56
4.55
4.55
4.55
4.75
4.97
4.96
4.98
4.97
4.99
4.96
4.95
4.97
4.99
4.96
4.95
4.95
4.96
4.91
4.92
4.93
4.91
4.90
4.91
4.91
4.92
4.91
4.93
4.90
4.90
4.91
4.93
4.91
4.90
4.92
4.93
4.89
4.91
4.91
4.81
4.91
4.92
4.90
4.93
4.92
4.93
4.92
4.90
4.91
4.92
4.93
4.91
4.92
4.90
4.84
4.92
4.92
4.81
4.92
4.91
4.90
4.93
4.96
4.92
4.98
4.97
4.98
4.96
4.97
4.97
4.96
4.77
4.76
4.64
4.68
4.63
4.55
4.57
4.55
9999.00
4.64
4.64
4.79
4.94
4.96
4.96
4.96
4.97
4.96
4.96
5.02
5.01
5.00
4.95
5.01
5.01
5.00
5.00
5.01
4.92
5.01
5.00
5.02
5.00
5.03
4.89
5.01
5.01
4.98
5.01
5.03
4.91
5.01
5.01
5.01
5.02
5.02
5.02
5.12
5.12
5.27
5.13
5.04
5.21
5.06
5.06
5.06
5.06
5.05
5.06
5.06
5.05
5.05
5.05
5.06
5.07
5.07
5.07
5.07
5.07
5.07
5.06
5.06
5.07
5.07
5.05
5.06
5.06
5.06
5.06
5.06
5.07
5.06
5.07
5.06
4.85
5.05
5.05
5.09
5.05
5.07
4.94
5.06
5.05
5.26
5.06
5.08
5.11
5.00
5.01
5.18
5.12
5.01
5.01
5.02
5.01
5.02
5.01
5.02
5.01
5.00
5.01
5.00
5.01
5.01
5.01
5.00
5.02
5.02
5.02
4.98
4.98
4.95
4.81
4.72
4.55
4.55
4.56
4.54
4.56
4.67
4.86
4.97
4.96
4.96
4.96
4.94
4.96
4.96
4.95
4.96
4.98
4.97
4.96
4.96
4.96
4.98
4.90
4.91
4.93
4.91
4.92
4.91
4.86
4.91
4.91
4.80
4.93
4.92
4.91
4.92
4.90
4.91
4.89
4.91
4.91
4.93
4.92
4.92
4.90
4.91
4.92
4.91
4.91
4.91
4.91
4.89
4.91
4.92
4.91
4.91
4.93
4.91
4.91
4.91
4.91
4.92
4.92
4.91
4.92
4.95
4.93
4.91
4.95
4.97
4.96
4.98
4.96
4.95
4.95
4.94
4.96
4.95
4.95
4.96
4.97
4.88
4.95
4.83
4.69
9999.00
4.63
4.66
4.90
4.87
4.97
4.92
4.96
4.98
4.96
4.96
5.01
5.01
5.01
5.00
5.00
5.00
4.99
5.00
5.02
5.02
5.00
5.02
5.02
5.02
5.01
5.01
5.01
5.01
5.01
5.01
5.01
5.02
5.01
5.01
5.01
5.02
5.00
5.01
5.02
5.16
5.05
5.10
5.40
5.45
5.45
5.45
5.21
5.47
5.24
5.13
5.05
5.05
5.19
5.34
5.19
5.29
5.05
5.06
5.04
5.04
5.06
5.07
5.05
5.04
5.07
5.05
5.06
5.09
5.07
5.24
5.37
5.06
5.05
5.31
5.07
5.07
5.37
5.36
5.19
5.35
5.17
5.08
5.42
5.28
5.32
5.34
5.10
5.08
4.99
5.00
5.00
5.00
5.02
5.02
5.01
5.00
5.00
5.01
5.01
5.00
5.00
5.01
5.02
5.01
5.01
5.01
5.01
5.00
5.01
5.00
4.98
4.84
4.88
4.70
4.46
4.56
4.56
4.56
4.55
4.56
4.56
4.65
4.85
4.85
4.95
4.97
4.84
4.98
4.96
4.94
4.98
4.96
4.94
4.95
4.91
4.91
4.91
4.93
4.93
4.91
4.91
4.91
4.90
4.90
4.92
4.91
4.91
4.91
4.91
4.90
4.91
4.90
4.92
4.92
4.92
4.92
4.91
4.92
4.91
4.92
4.93
4.91
4.90
4.91
4.92
4.90
4.91
4.92
4.90
4.91
4.83
4.93
4.92
4.93
4.91
4.90
4.79
4.91
4.91
4.91
4.91
4.92
4.92
4.93
4.91
4.88
4.97
4.96
4.86
4.97
4.97
4.96
4.96
4.98
4.98
4.96
4.96
4.96
4.88
4.89
9999.00
4.76
4.79
4.78
4.86
4.87
4.90
4.95
4.95
5.00
4.96
5.02
5.01
5.00
5.02
5.01
5.01
5.01
5.02
5.02
5.02
5.02
5.02
5.01
4.91
5.02
5.02
4.93
5.01
5.02
5.02
5.02
5.00
5.00
5.01
5.00
5.00
5.01
5.01
5.02
5.02
5.00
5.04
5.22
5.23
5.26
5.06
5.07
5.06
5.06
5.06
5.07
5.06
5.07
5.07
5.07
5.06
5.07
5.07
5.06
5.07
5.07
5.06
5.06
5.07
5.06
5.07
5.06
5.06
5.05
5.06
5.05
5.07
5.07
5.06
5.07
5.06
5.07
5.04
5.06
5.09
5.07
5.06
5.12
5.08
5.08
5.14
5.00
5.00
5.00
5.01
5.02
4.98
5.01
5.02
4.99
5.02
5.02
5.01
5.01
5.02
5.02
5.01
5.01
5.02
5.01
5.00
5.00
5.00
5.02
4.98
5.00
4.88
4.83
4.59
4.55
4.55
4.56
4.55
4.58
4.55
4.60
4.58
4.83
4.86
4.84
4.98
4.95
4.96
4.98
4.97
4.96
4.96
4.96
4.95
4.98
4.92
4.94
4.92
4.82
4.91
4.91
4.76
4.91
4.90
4.91
4.92
4.90
4.91
4.91
4.92
4.79
4.92
4.93
4.90
4.89
4.90
4.80
4.92
4.91
4.91
4.92
4.90
4.91
4.91
4.92
4.91
4.91
4.91
4.90
4.91
4.89
4.91
4.91
4.92
4.92
4.91
4.91
4.91
4.90
4.91
4.93
4.91
4.91
4.94
4.94
4.95
4.97
4.95
4.98
4.96
4.96
4.96
4.97
4.96
4.94
4.93
4.82
4.82
4.77
4.63
9999.00
4.87
4.84
4.86
4.94
4.96
4.95
4.87
5.00
5.01
5.03
5.00
4.99
5.01
5.00
5.02
5.01
5.01
5.01
5.01
5.00
5.01
5.00
5.00
5.02
5.01
5.02
5.02
5.01
5.01
5.01
5.01
5.00
5.00
5.01
5.00
5.00
5.01
5.05
5.06
5.05
5.04
5.05
5.06
5.07
5.06
5.04
5.04
5.07
5.06
5.07
5.06
5.07
5.06
5.05
5.06
5.06
5.06
5.06
5.06
5.07
5.06
5.06
5.05
5.07
5.07
5.07
5.06
5.05
5.05
5.06
5.05
5.05
5.07
5.06
5.07
5.07
5.06
5.08
5.06
5.07
5.05
5.06
5.04
5.05
5.06
5.07
5.07
5.07
5.06
5.25
5.02
5.01
5.02
5.01
5.01
5.01
5.01
5.01
4.99
5.00
5.02
5.01
5.00
4.99
5.01
4.99
5.00
5.00
5.02
4.99
5.00
4.99
4.98
4.96
4.90
4.85
4.73
4.56
4.59
4.61
4.89
4.78
4.96
4.91
4.97
4.94
4.95
4.95
4.98
4.96
4.84
4.97
4.97
4.98
4.96
4.95
4.95
4.97
4.94
4.93
4.94
4.95
4.90
4.91
4.92
4.91
4.93
4.92
4.93
4.92
4.93
4.90
4.91
4.92
4.90
4.91
4.91
4.91
4.91
4.93
4.92
4.91
4.90
4.90
4.91
4.91
4.91
4.91
4.92
4.91
4.92
4.90
4.90
4.91
4.92
4.91
4.93
4.94
4.91
4.95
4.83
4.95
4.95
4.97
4.98
4.96
4.98
4.98
4.96
4.95
4.96
4.96
4.94
4.88
4.89
4.96
4.78
4.63
4.78
4.69
9999.00
4.98
4.95
4.95
5.00
5.00
5.01
5.01
5.00
4.99
5.02
5.01
5.01
5.00
5.00
5.01
5.02
5.01
5.02
5.01
5.00
5.01
4.99
5.03
5.02
4.97
5.02
5.03
5.02
5.47
5.30
5.46
5.46
5.43
5.44
5.06
5.05
5.05
5.06
5.06
5.07
5.07
5.06
5.03
5.06
5.05
5.06
5.05
5.06
5.16
5.07
5.35
5.45
5.46
5.38
5.46
5.46
5.49
5.46
5.43
5.38
5.51
5.50
5.50
5.49
5.49
5.48
5.46
5.52
5.47
5.46
5.46
5.46
5.46
5.48
5.45
5.46
5.29
5.06
5.07
5.07
5.07
5.07
5.07
4.97
5.06
5.06
5.06
5.07
5.05
5.28
5.21
5.46
5.43
5.44
5.14
5.01
5.01
5.02
5.01
5.02
5.01
5.00
5.01
5.00
5.01
4.99
4.99
4.99
5.00
5.01
5.01
5.00
5.00
5.01
5.01
5.01
5.01
5.03
5.01
4.97
4.96
4.98
4.98
4.96
4.96
4.96
4.96
4.95
4.98
4.98
4.97
4.95
4.95
4.95
4.95
4.96
4.97
4.97
4.98
4.96
4.96
4.97
4.96
4.95
4.95
4.95
4.97
4.95
4.87
4.97
4.97
4.76
4.98
5.19
4.97
4.91
4.94
4.90
4.91
4.91
4.91
4.91
4.94
4.93
4.96
4.93
4.91
4.93
4.98
4.94
4.97
4.96
4.96
4.96
4.95
4.96
4.95
4.97
4.96
4.97
4.94
4.94
4.94
4.94
4.95
4.98
4.96
4.97
4.95
4.95
4.96
4.95
4.96
4.97
4.97
4.95
4.96
4.97
4.95
4.95
9999.00
5.02
4.92
5.01
5.00
4.98
4.99
4.99
5.02
5.00
5.00
4.95
5.01
5.02
4.88
5.02
5.02
5.01
5.01
5.00
5.00
5.13
5.46
5.21
5.47
5.47
5.44
5.46
5.45
5.47
5.47
5.46
5.47
5.45
5.46
5.45
5.45
5.47
5.46
5.47
5.46
5.46
5.46
5.46
5.46
5.47
5.50
5.50
5.49
5.48
5.52
5.51
5.40
5.51
5.50
5.43
5.52
5.51
5.41
5.50
5.49
5.51
5.51
5.51
5.42
5.52
5.50
5.49
5.52
5.51
5.52
5.52
5.51
5.50
5.50
5.50
5.51
5.49
5.48
5.48
5.46
5.47
5.48
5.45
5.47
5.47
5.45
5.46
5.45
5.47
5.46
5.46
5.46
5.45
5.46
5.45
5.47
5.46
5.46
5.46
5.46
5.22
5.03
5.02
5.02
5.01
5.01
5.01
4.90
5.01
5.00
4.99
5.03
5.01
5.01
5.00
5.01
5.01
5.03
5.02
5.06
5.10
5.12
5.16
5.00
4.96
4.86
4.96
4.98
4.96
4.96
4.96
4.98
4.96
4.96
4.96
4.94
4.98
4.96
4.96
4.97
4.95
4.95
4.95
4.97
4.98
4.97
4.98
4.96
4.96
4.96
4.96
4.96
4.96
5.07
5.02
5.18
4.95
5.12
5.00
4.96
5.02
4.99
4.98
5.06
5.09
4.98
5.08
4.98
4.96
4.98
4.96
4.96
4.93
4.95
4.97
4.82
4.98
4.98
4.98
4.96
4.96
4.98
4.97
4.96
4.98
4.99
4.98
4.96
4.96
4.97
4.96
4.96
4.98
4.97
4.97
4.97
4.99
5.00
4.97
4.99
9999.00
5.08
5.00
5.01
4.99
4.99
5.00
5.00
5.01
5.02
5.01
5.02
5.01
5.01
5.01
5.00
5.22
5.32
5.46
5.45
5.23
5.48
5.45
5.36
5.47
5.46
5.47
5.46
5.46
5.45
5.46
5.46
5.47
5.46
5.47
5.45
5.46
5.46
5.60
5.74
5.89
5.88
5.90
5.92
5.84
5.80
5.86
5.82
5.59
5.53
5.70
5.77
5.83
5.92
5.86
5.93
5.86
5.90
5.83
5.91
5.86
5.88
5.85
5.87
5.87
5.87
5.86
5.89
5.87
5.90
5.82
5.90
5.88
5.90
5.93
5.88
5.90
5.91
5.90
5.91
5.91
5.91
5.76
5.89
5.91
5.51
5.75
5.46
5.46
5.45
5.45
5.46
5.46
5.46
5.45
5.47
5.47
5.46
5.47
5.47
5.46
5.46
5.45
5.44
5.48
5.42
5.40
5.40
5.40
5.41
5.41
5.41
5.42
5.38
5.20
5.05
5.01
5.02
5.03
5.28
5.40
5.42
5.41
5.35
5.32
5.42
5.00
5.11
4.96
4.96
4.96
4.97
4.95
4.96
4.96
4.83
4.97
4.95
5.02
4.95
4.98
5.02
5.01
4.98
5.12
5.04
5.13
5.22
5.18
5.26
5.34
5.36
5.37
5.37
5.36
5.36
5.36
5.36
5.37
5.36
5.36
5.37
5.36
5.37
5.36
5.36
5.35
5.37
5.32
5.37
5.26
5.17
5.06
5.00
4.99
4.96
4.96
4.98
4.98
4.88
4.95
4.95
4.96
4.95
4.95
4.90
4.95
4.99
4.95
4.96
4.97
4.98
4.98
4.95
4.96
5.05
5.26
5.30
5.40
5.40
5.24
9999.00
5.42
5.41
5.41
5.41
5.41
5.41
5.41
5.42
5.42
5.41
5.40
5.40
5.45
5.45
5.47
5.45
5.45
5.46
5.46
5.47
5.46
5.45
5.33
5.45
5.45
5.47
5.45
5.46
5.47
5.46
5.46
5.46
5.45
5.46
5.35
5.46
5.83
5.89
5.92
5.93
5.92
5.91
5.90
5.89
5.92
5.93
5.90
5.90
5.91
5.90
5.90
5.91
5.93
5.92
5.91
5.91
5.91
5.93
5.93
5.90
5.88
5.91
5.91
5.91
5.93
5.91
5.90
5.91
5.90
5.90
5.89
5.91
5.90
5.90
5.92
5.91
5.92
5.93
5.87
5.90
5.88
5.82
5.90
5.90
5.89
5.88
5.92
5.88
5.92
5.89
5.86
5.76
5.45
5.48
5.45
5.46
5.46
5.46
5.46
5.47
5.46
5.47
5.52
5.86
5.77
5.40
5.41
5.40
5.41
5.42
5.41
5.41
5.40
5.40
5.41
5.40
5.42
5.42
5.40
5.40
5.39
5.40
5.42
5.41
5.39
5.41
5.39
5.34
5.32
5.35
5.36
5.36
5.35
5.36
5.34
5.36
5.36
5.36
5.36
5.37
5.33
5.38
5.35
5.35
5.36
5.37
5.36
5.35
5.36
5.35
5.36
5.37
5.37
5.36
5.36
5.36
5.37
5.34
5.36
5.35
5.36
5.35
5.36
5.36
5.36
5.36
5.37
5.36
5.37
5.36
5.37
5.37
5.36
5.35
5.36
5.35
5.36
5.32
5.35
5.32
5.26
5.28
5.30
5.28
5.27
5.12
4.95
5.09
5.06
5.26
5.27
5.35
5.42
5.41
5.41
5.42
5.24
5.42
5.41
5.30
9999.00
5.41
5.40
5.42
5.40
5.42
5.41
5.41
5.42
5.40
5.40
5.41
5.40
5.58
5.78
5.86
5.83
5.47
5.46
5.48
5.47
5.45
5.47
5.45
5.58
5.68
5.87
5.86
5.83
5.85
5.87
5.82
5.85
5.85
5.87
5.87
5.93
5.91
5.88
5.91
5.90
5.91
5.93
5.91
5.81
5.91
5.93
5.93
5.91
5.91
5.91
5.91
5.90
5.90
5.89
5.91
5.90
5.89
5.89
5.90
5.93
5.90
5.90
5.91
5.88
6.09
6.04
5.90
6.04
5.92
6.02
5.88
5.97
5.92
5.92
5.93
6.00
6.03
6.09
6.01
5.92
5.90
5.84
5.89
5.91
6.11
6.01
6.28
6.03
6.30
5.85
5.84
5.87
5.87
5.86
5.88
5.86
5.80
5.73
5.68
5.77
5.87
5.87
5.87
5.87
5.87
5.62
5.43
5.40
5.38
5.42
5.41
5.42
5.39
5.40
5.41
5.41
5.42
5.43
5.41
5.42
5.42
5.39
5.41
5.41
5.41
5.42
5.40
5.55
5.52
5.37
5.37
5.24
5.37
5.36
5.37
5.37
5.36
5.23
5.37
5.35
5.31
5.35
5.36
5.37
5.36
5.36
5.29
5.37
5.36
5.36
5.36
5.37
5.36
5.37
5.35
5.36
5.36
5.37
5.36
5.36
5.38
5.35
5.37
5.36
5.36
5.35
5.36
5.36
5.37
5.35
5.36
5.37
5.36
5.37
5.36
5.36
5.36
5.36
5.37
5.37
5.36
5.37
5.37
5.34
5.32
5.36
5.36
5.35
5.36
5.39
5.30
5.41
5.41
5.37
5.42
5.41
5.39
5.42
5.41
5.33
9999.00
5.40
5.40
5.40
5.41
5.41
5.42
5.60
5.64
5.71
5.87
5.84
5.83
5.87
5.87
5.86
5.86
5.86
5.87
5.87
5.86
5.86
5.86
5.85
5.84
5.86
5.76
5.85
5.87
5.88
5.88
5.97
6.23
6.19
5.89
6.19
5.92
5.93
5.94
5.93
5.93
5.95
5.93
5.94
6.24
6.15
6.33
6.31
6.30
6.32
6.34
6.31
6.30
6.40
6.32
6.36
6.42
6.46
6.54
6.68
6.39
6.50
6.39
6.39
6.70
6.59
6.77
6.67
6.55
6.77
6.59
6.60
6.38
6.68
6.31
6.44
6.21
6.33
6.31
6.31
6.32
6.30
6.14
6.30
6.32
6.12
6.30
6.31
6.22
6.30
6.31
6.23
6.31
6.30
6.07
6.17
6.09
5.88
5.87
5.85
5.87
5.85
5.85
5.87
5.85
5.86
5.83
5.85
5.85
5.84
5.87
5.84
5.86
5.87
5.75
5.43
5.41
5.39
5.40
5.41
5.42
5.42
5.41
5.39
5.41
5.41
5.45
5.55
5.51
5.71
5.66
5.58
5.81
5.82
5.79
5.55
5.58
5.51
5.63
5.71
5.63
5.36
5.37
5.35
5.37
5.42
5.37
5.38
5.36
5.36
5.36
5.34
5.35
5.38
5.36
5.36
5.35
5.36
5.36
5.37
5.34
5.36
5.36
5.36
5.36
5.36
5.35
5.37
5.37
5.37
5.36
5.37
5.37
5.37
5.36
5.36
5.36
5.36
5.36
5.36
5.36
5.46
5.46
5.78
5.80
5.66
5.67
5.66
5.64
5.56
5.45
5.59
5.42
5.41
5.38
5.42
5.42
5.42
5.41
5.42
5.40
9999.00
6.26
5.94
6.02
5.89
5.93
5.98
5.96
5.89
5.89
6.09
6.49
6.70
6.72
6.70
6.46
6.33
6.33
6.33
6.31
6.27
6.30
6.31
6.32
6.32
6.31
6.28
6.31
6.33
6.37
6.43
6.33
6.27
6.53
6.50
6.48
6.62
6.74
6.79
6.77
6.74
6.66
6.78
6.77
6.75
6.74
6.78
6.77
6.76
6.73
6.94
6.79
6.74
6.74
6.77
6.77
6.80
6.86
6.97
6.85
7.08
7.09
7.24
7.18
7.22
7.40
7.40
7.22
7.24
7.68
7.60
7.50
7.63
7.58
7.51
7.68
7.34
7.34
7.55
7.50
7.65
7.40
7.29
6.91
7.31
7.15
7.17
7.19
7.14
7.14
7.18
7.18
7.14
7.13
7.16
7.00
6.75
6.65
6.35
6.30
6.30
6.33
6.31
6.31
6.35
6.35
6.68
6.71
6.65
6.71
6.70
6.54
6.48
6.27
6.15
6.27
6.26
6.28
6.26
6.26
6.27
6.25
6.27
6.11
6.25
6.26
6.07
6.23
5.81
5.79
5.82
5.81
5.81
5.80
5.82
5.79
5.81
5.81
5.82
5.81
5.83
5.82
5.79
5.80
5.79
5.80
5.82
5.81
5.88
5.84
6.09
6.06
6.13
6.13
6.14
6.07
6.10
6.05
6.13
5.88
5.92
6.06
5.85
5.94
6.21
5.85
5.85
6.11
5.80
5.80
5.94
5.90
5.81
5.82
5.81
5.82
5.81
5.82
5.80
5.80
5.80
5.81
5.82
5.81
5.80
5.82
5.80
5.79
5.81
5.81
5.80
5.82
5.81
5.81
5.79
6.13
6.11
6.26
6.26
6.27
6.26
9999.00
152.35
173.46
170.02
169.07
173.27
173.60
169.43
165.22
183.50
179.75
186.66
170.31
187.87
179.14
187.55
187.05
179.86
187.46
174.41
178.63
164.87
178.27
168.59
151.36
178.51
184.40
163.00
173.33
180.68
155.45
183.86
187.38
186.91
180.66
147.19
176.01
161.92
153.32
139.99
122.18
98.00
134.32
184.68
185.13
184.98
172.16
182.08
173.57
160.02
153.19
169.53
178.87
184.28
185.67
168.87
184.54
184.37
178.63
172.48
179.86
174.60
180.07
182.04
171.88
175.62
167.58
152.24
150.24
163.69
187.65
156.18
157.66
140.37
168.17
183.04
179.74
181.34
181.62
186.00
185.86
187.54
185.26
182.38
188.00
187.15
188.07
182.87
185.39
173.61
172.17
178.71
182.46
177.71
178.95
185.74
184.55
183.86
180.06
165.21
178.54
175.70
166.06
179.08
188.01
181.12
164.84
185.55
182.87
181.39
184.68
175.63
178.89
166.64
142.86
151.43
163.62
166.60
144.05
148.88
156.56
163.73
169.38
148.48
176.79
136.95
160.53
148.41
152.21
163.20
161.45
156.44
138.80
157.61
153.95
156.93
157.01
156.60
174.06
166.59
152.73
166.48
174.42
166.74
166.56
166.29
156.78
178.77
176.73
165.85
171.76
172.74
157.44
168.68
153.55
149.82
145.28
159.08
159.28
153.26
161.60
153.45
170.93
181.84
169.25
178.90
179.77
171.65
169.12
182.60
180.98
144.35
165.36
170.63
160.46
151.15
162.20
179.47
175.22
173.07
178.85
179.66
170.10
168.57
169.53
165.34
172.60
171.75
174.52
171.76
152.80
183.91
184.03
175.33
177.33
174.76
165.34
165.01
146.09
162.13
164.16
9999.00
169.07
174.49
175.88
155.98
180.13
174.63
184.31
179.98
177.52
169.51
181.05
180.22
181.75
177.65
178.61
187.44
177.19
185.16
181.29
167.56
182.68
183.12
182.72
172.06
181.46
176.16
176.15
182.21
169.04
181.41
185.27
185.23
180.38
187.22
183.79
177.67
166.11
186.59
184.91
180.66
180.32
183.84
186.50
182.60
187.30
178.61
183.39
173.85
181.84
171.76
164.57
172.64
178.97
178.27
186.34
182.51
180.19
181.25
184.21
184.37
169.56
177.09
182.44
185.82
164.99
173.42
185.98
171.88
175.06
173.68
173.17
180.23
170.60
183.03
186.31
184.02
184.35
173.23
185.98
185.34
183.20
186.74
186.20
183.54
186.18
184.12
178.76
185.28
183.83
180.10
173.65
186.11
182.89
184.21
187.64
184.73
177.34
171.48
172.83
160.05
179.70
144.97
180.58
164.29
181.85
153.21
183.56
167.48
176.05
168.86
172.48
163.36
163.94
167.00
155.84
157.57
155.73
171.27
187.36
145.77
172.09
159.15
144.39
135.96
145.40
147.89
161.28
142.82
161.85
144.56
151.62
149.57
151.79
171.32
175.02
167.12
156.26
162.33
164.63
148.14
171.63
148.23
166.34
156.99
156.76
176.83
159.43
156.33
158.67
141.60
157.33
154.27
145.48
138.13
137.80
146.51
161.30
166.74
154.22
144.25
159.13
141.52
149.29
171.95
174.55
158.51
163.00
158.84
148.78
164.28
157.19
148.85
156.72
161.89
161.73
171.75
147.03
169.73
181.13
157.56
56.10
98.46
147.96
169.97
143.27
166.49
140.73
151.48
106.34
69.87
140.76
141.68
165.40
159.16
170.21
152.28
167.69
188.14
176.02
180.25
9999.00
9.31
9.35
9.33
9.36
9.59
9.76
9.70
9.55
9.45
9.48
9.43
9.44
9.46
9.45
9.29
9.15
9.06
9.07
8.94
9.05
9.02
8.90
8.92
8.68
8.83
8.66
8.67
9.07
9.27
9.53
33.64
60.59
61.13
42.91
27.65
9.26
9.49
9.33
9.13
8.67
8.67
8.57
8.29
8.31
8.32
8.23
8.21
8.27
8.38
8.54
8.59
8.64
8.73
8.87
8.67
8.65
8.61
8.54
8.42
8.44
8.55
8.45
8.59
8.52
8.50
8.66
8.66
8.60
8.65
8.65
8.27
8.66
8.67
8.65
8.60
8.66
8.50
8.66
8.94
9.08
9.10
9.07
12.86
93.09
182.82
176.79
186.59
186.34
184.45
77.09
36.97
9.04
31.89
33.00
51.95
186.16
181.64
184.64
185.81
184.66
186.49
186.26
185.28
186.76
182.58
183.85
186.80
183.36
183.91
184.71
186.57
181.78
185.77
183.78
186.86
178.55
184.41
178.52
186.74
186.40
181.66
187.08
185.75
186.72
183.37
170.91
186.57
182.89
183.57
178.01
180.53
183.51
186.42
171.48
187.34
186.18
186.29
171.04
187.15
167.30
164.75
164.79
156.42
154.25
179.39
158.00
156.93
161.70
161.77
182.51
184.40
161.90
160.67
167.27
176.56
182.65
182.62
176.76
150.25
326.66
174.90
168.43
151.96
169.63
154.38
153.47
163.79
161.92
166.43
185.26
164.77
152.22
184.44
167.00
148.03
157.77
184.24
158.89
27.62
10.22
10.22
10.13
10.04
10.00
9.78
15.27
20.45
10.01
9.80
9.50
9.19
9.12
9.21
9.32
9.42
9.41
9.42
9.21
9.21
9.19
9999.00
8.52
8.56
8.53
8.55
8.55
9.01
9.02
8.97
8.63
8.61
8.61
8.60
8.62
8.62
8.24
8.18
8.23
8.25
8.19
8.15
8.21
8.28
8.15
8.19
8.14
8.58
8.61
8.67
8.65
8.66
8.65
8.66
8.65
8.64
8.65
8.23
7.85
7.81
7.87
7.77
8.01
8.15
8.05
8.12
8.02
7.91
7.76
7.67
7.82
7.91
7.99
8.14
8.31
8.26
8.16
8.24
8.31
8.31
8.19
7.98
7.86
7.82
7.49
7.51
7.45
7.65
7.44
7.60
7.67
7.88
7.80
7.69
7.73
7.88
7.88
7.73
7.73
7.88
7.87
7.73
7.99
8.28
8.28
8.76
14.18
54.71
71.51
12.92
15.39
8.78
8.32
8.32
8.56
8.56
12.73
27.90
185.84
178.72
180.88
186.38
184.74
185.52
185.50
184.58
185.83
185.13
185.28
185.06
184.95
185.14
184.88
185.27
185.62
185.76
185.10
184.29
183.18
182.39
184.99
182.99
184.21
184.60
184.21
185.62
183.20
185.49
182.99
183.74
182.38
184.57
184.30
184.21
185.38
182.80
183.71
181.10
184.07
186.26
185.66
179.38
186.58
186.46
186.05
186.55
183.93
185.96
186.12
176.37
186.77
186.65
186.25
184.35
187.01
187.12
186.30
181.80
186.77
75.30
33.97
64.23
75.38
186.62
177.09
70.47
27.05
27.24
15.74
26.24
21.83
65.83
9.19
9.02
8.93
8.93
8.92
8.92
8.91
8.91
8.92
8.86
8.92
9.26
9.32
9.35
9.37
8.82
8.90
8.92
8.73
8.96
8.97
8.78
8.56
8.57
8.58
8.56
8.57
8.57
8.55
8.47
9999.00
7.76
8.17
7.94
8.10
8.11
7.72
7.74
7.81
7.83
7.83
7.81
7.63
7.76
7.77
7.53
7.71
7.68
7.44
7.64
7.88
8.06
7.88
7.72
7.72
7.78
7.88
7.88
7.72
7.73
7.88
7.88
7.66
7.53
7.36
7.47
7.40
7.39
7.46
7.43
7.34
7.46
7.42
7.29
7.35
7.22
7.09
7.06
7.12
7.04
7.20
7.24
7.30
7.35
7.36
7.31
7.43
7.39
7.32
7.28
7.31
7.35
7.35
7.12
7.34
7.30
7.24
7.43
7.44
7.34
7.39
7.48
7.38
7.40
7.48
7.38
7.39
7.47
7.50
7.62
7.67
7.88
7.87
7.87
7.73
7.73
7.73
7.74
7.89
7.88
7.87
7.75
7.73
7.73
7.98
8.14
8.21
8.17
8.18
8.60
8.46
8.69
183.20
186.20
186.10
186.09
185.89
186.36
186.20
185.90
186.29
185.97
185.79
185.13
185.71
184.99
186.05
185.21
186.03
185.83
186.18
185.88
185.08
175.20
185.32
185.90
184.09
185.87
180.49
185.81
184.88
183.40
185.15
153.56
16.62
8.93
8.87
8.89
8.82
8.54
8.61
8.31
8.27
8.12
8.11
8.19
8.21
8.38
8.37
8.48
8.44
8.48
8.44
8.47
8.45
8.45
8.04
8.21
7.78
7.55
7.96
8.15
8.12
8.14
7.99
7.85
7.72
7.86
7.95
8.11
8.12
8.09
8.01
7.99
7.99
7.98
8.02
7.99
8.04
7.76
7.94
7.98
8.01
8.04
8.51
8.04
8.05
8.09
8.18
8.18
8.16
8.08
8.13
7.94
7.61
7.78
7.77
7.74
7.64
7.71
7.75
9999.00
7.27
7.41
7.50
7.81
7.69
7.68
7.54
7.39
7.29
7.38
7.39
7.31
7.33
7.44
7.33
7.25
7.23
7.20
7.09
7.10
6.97
7.09
7.09
7.35
7.28
7.33
7.44
7.36
7.28
7.42
7.34
7.44
7.30
7.02
6.96
7.02
7.01
6.97
7.00
7.00
7.01
7.02
7.01
7.03
7.01
7.00
7.01
7.00
7.02
7.03
7.02
7.00
7.00
7.00
7.02
7.03
7.02
7.03
7.00
7.00
7.00
7.00
7.00
7.03
7.00
7.01
7.03
7.02
7.02
7.01
7.00
7.00
6.99
7.03
7.16
7.44
7.22
7.28
7.43
7.42
7.47
7.36
7.40
7.46
7.35
7.41
7.45
7.36
7.41
7.46
7.40
7.71
7.63
7.71
7.88
7.72
7.45
7.54
7.55
8.13
8.19
8.29
8.39
8.61
8.60
8.62
8.61
8.69
8.99
8.99
8.95
8.82
8.85
8.64
8.47
8.42
8.52
8.44
8.43
8.56
8.55
8.66
117.04
162.42
182.32
121.96
129.21
20.41
12.81
9.26
9.35
8.65
8.51
8.49
8.52
8.51
8.50
8.52
8.51
8.50
8.48
8.49
8.25
8.34
8.16
8.29
8.22
8.14
8.14
7.98
8.03
8.05
7.98
7.99
7.97
8.01
8.08
8.11
8.11
8.08
7.90
7.98
8.00
7.90
8.09
7.81
7.72
7.73
7.73
7.61
7.69
7.85
7.73
7.57
7.69
7.73
7.58
7.68
7.73
7.58
7.65
7.73
7.58
8.00
8.05
7.66
7.63
7.77
7.68
7.63
7.63
7.62
7.34
7.78
7.48
7.62
7.74
7.34
7.52
7.28
9999.00
7.73
7.44
7.41
7.34
7.33
7.42
7.32
7.38
7.39
7.13
6.96
6.97
6.95
6.96
6.97
6.96
6.97
6.96
6.95
6.95
6.99
7.00
7.32
7.38
7.24
7.11
7.07
7.13
7.01
7.02
7.00
7.01
7.01
6.81
6.97
6.65
6.69
6.62
6.62
6.59
6.62
6.61
6.60
6.62
6.63
6.59
6.63
6.60
6.60
6.62
6.59
6.62
6.60
6.62
6.61
6.61
6.62
6.60
6.63
6.60
6.63
6.58
6.62
6.62
6.61
6.61
6.62
6.62
6.60
6.71
6.67
6.84
7.00
7.00
6.97
7.00
7.01
7.00
7.02
7.01
7.03
7.01
7.01
7.07
7.24
7.30
7.09
7.23
7.27
7.19
7.19
7.24
7.09
7.30
7.39
7.42
7.36
7.36
7.45
7.50
7.67
7.67
7.75
7.89
8.02
8.04
8.10
8.24
8.28
19.47
8.51
8.49
8.52
8.60
8.55
8.60
8.62
8.61
8.61
8.62
8.61
9.00
147.22
170.23
176.70
186.47
176.89
182.21
186.26
186.60
185.67
184.81
185.81
178.75
184.50
184.62
92.40
141.49
23.57
9.03
8.95
9.03
8.98
9.24
9.33
9.29
37.40
35.91
37.43
37.13
22.31
13.12
9.46
9.26
8.64
8.50
8.50
8.53
8.50
8.50
8.53
8.50
8.50
8.53
8.50
8.52
8.45
8.23
8.16
8.08
8.10
8.04
8.03
8.15
8.06
8.01
8.11
8.19
8.08
7.80
7.82
7.65
7.62
7.78
7.63
7.63
7.68
7.78
7.74
7.63
7.70
7.79
7.78
7.72
7.66
7.65
7.71
7.83
7.73
7.35
9999.00
7.36
7.41
7.30
7.37
7.42
7.36
7.38
7.49
7.46
7.45
7.43
7.44
7.38
7.42
7.44
7.29
7.18
7.00
7.00
7.07
7.01
7.00
7.00
7.01
7.02
7.02
7.02
7.01
6.95
6.98
6.80
6.69
6.64
6.61
6.62
6.61
6.59
6.62
6.63
6.59
6.62
6.60
6.60
6.58
6.63
6.59
6.61
6.61
6.61
6.61
6.59
6.63
6.59
6.62
6.62
6.60
6.62
6.61
6.61
6.61
6.61
6.62
6.59
6.63
6.59
6.63
6.63
6.70
6.79
6.91
6.92
7.00
7.01
7.00
7.13
7.04
7.00
7.18
7.42
7.48
7.72
7.70
7.83
7.85
7.92
7.93
7.91
7.76
7.84
7.61
7.25
7.09
7.14
7.00
7.00
7.19
7.13
7.32
7.44
7.38
7.48
7.58
8.00
8.28
8.26
8.22
22.65
34.62
48.58
127.00
79.51
65.25
169.82
122.27
72.17
29.08
8.89
8.87
8.98
9.08
17.95
58.89
161.24
160.16
158.91
160.68
154.21
155.93
153.18
169.49
176.81
180.79
181.92
184.45
176.32
161.78
155.30
152.21
151.86
155.02
175.60
165.81
172.29
182.12
177.45
177.61
185.87
174.59
151.53
165.81
158.08
146.21
154.82
159.24
163.84
154.90
147.71
172.71
177.14
186.36
171.05
181.35
163.37
172.27
179.13
174.01
186.77
186.22
181.33
182.14
186.36
174.94
170.29
165.34
161.49
166.29
178.58
106.99
14.25
8.56
8.56
8.55
8.58
8.55
8.53
8.29
8.10
8.20
8.12
8.03
7.81
7.68
7.67
7.80
7.83
7.83
7.83
7.68
7.58
7.50
9999.00
7.82
7.72
7.69
7.71
7.65
7.78
7.38
7.44
7.34
7.44
7.19
7.25
7.28
7.19
7.02
7.02
7.05
7.03
7.02
7.09
7.20
7.10
7.25
7.08
7.21
7.45
7.35
7.44
7.44
7.38
7.48
7.19
6.94
6.93
6.92
6.92
7.01
6.93
6.86
6.90
7.01
6.99
6.96
7.05
7.05
6.82
7.07
7.07
6.93
7.06
7.07
7.08
7.07
7.08
7.08
7.07
7.07
7.06
7.07
7.07
7.07
7.07
7.07
7.12
7.22
7.27
7.30
7.52
7.43
7.60
7.86
7.73
11.76
7.94
45.75
51.93
52.19
109.68
124.28
140.25
145.59
170.81
132.85
152.43
139.31
143.33
163.14
182.09
149.99
47.31
7.74
7.39
7.45
7.45
7.45
7.51
7.41
7.38
7.46
7.50
7.47
7.53
7.45
7.73
7.73
7.97
7.97
8.03
8.12
8.15
8.44
8.19
8.44
8.32
8.48
8.08
8.04
8.31
8.08
8.15
8.32
8.24
8.28
14.09
24.59
53.40
88.13
152.69
169.50
180.70
132.98
126.75
162.41
173.37
177.30
161.01
183.74
167.88
153.98
133.26
132.47
142.34
165.07
176.55
186.89
182.47
170.68
148.63
176.18
183.48
184.01
181.25
184.11
187.97
187.30
173.26
175.04
148.57
171.37
171.09
175.64
163.97
177.26
173.54
178.69
182.58
168.39
182.46
178.60
183.25
175.12
182.18
180.78
174.41
171.86
178.72
174.96
176.30
162.48
174.60
164.17
179.42
161.46
180.46
154.45
171.01
163.27
159.00
163.52
168.57
153.94
76.22
49.53
14.22
25.37
8.43
8.26
8.16
7.91
7.79
9999.00
154.01
123.23
75.45
28.48
30.59
82.91
15.76
57.58
11.72
7.74
7.74
7.62
7.59
7.77
7.48
7.52
7.51
7.67
16.33
13.20
13.18
61.73
182.73
121.34
142.18
162.82
167.64
160.07
167.98
98.84
42.01
7.98
7.83
7.50
7.57
7.76
7.85
7.85
7.60
7.43
7.43
7.84
7.79
7.94
13.17
7.84
57.73
152.12
182.37
174.44
165.83
173.58
165.97
175.06
169.97
164.79
153.66
158.89
162.96
157.98
148.13
156.04
148.83
152.87
149.16
158.18
154.21
150.21
152.64
153.72
137.83
142.20
150.71
140.91
158.09
149.25
153.69
166.39
156.99
181.47
155.29
163.87
163.52
164.57
171.48
182.10
177.82
179.00
182.44
174.96
168.60
186.48
155.44
172.36
142.89
163.20
13.38
7.90
7.95
7.87
7.97
7.97
7.98
7.97
7.97
7.98
7.98
7.97
7.97
7.85
7.82
7.78
7.86
7.69
7.81
7.70
7.55
7.43
7.52
7.38
7.52
7.41
7.72
7.66
7.78
7.78
7.78
7.78
7.87
8.23
8.71
17.32
14.26
17.96
53.60
42.07
46.29
154.61
143.33
143.20
148.06
153.43
140.26
145.86
166.26
142.48
146.95
153.99
159.61
153.27
145.63
139.35
144.14
172.54
156.85
161.83
149.92
157.46
148.13
155.75
159.19
159.31
171.70
141.15
144.79
150.77
139.12
146.84
162.52
166.20
159.86
161.91
169.86
154.52
154.00
147.24
158.95
173.94
140.43
139.68
156.00
144.65
153.95
144.23
160.96
163.39
147.44
146.42
148.59
150.35
143.59
149.46
143.21
164.65
150.44
168.51
164.55
154.86
153.21
166.14
9999.00
144.73
138.24
146.89
136.92
128.99
142.98
145.58
144.62
140.60
147.26
139.61
150.42
165.54
147.26
161.87
148.98
158.76
156.35
136.55
155.79
142.22
125.34
148.58
139.21
142.05
139.91
149.49
151.88
159.22
168.31
146.56
149.12
149.74
144.59
146.55
154.87
129.83
149.64
158.90
164.70
145.67
142.01
143.20
147.50
140.63
136.64
137.09
135.08
131.49
122.67
120.18
140.15
133.51
129.78
134.44
143.26
142.74
145.66
141.46
143.30
135.83
155.91
146.62
154.05
150.59
138.75
139.49
149.76
163.26
162.36
144.65
160.36
163.11
158.40
167.71
179.63
146.45
140.10
148.79
152.05
135.10
141.11
152.66
147.01
153.06
151.62
149.93
157.57
146.73
150.90
138.69
132.40
136.35
152.68
153.38
155.67
58.94
24.37
8.38
8.45
8.26
8.18
8.17
8.01
8.01
7.71
8.09
7.54
7.48
7.62
7.49
7.54
7.82
7.63
7.55
7.82
7.56
7.73
7.31
7.18
7.16
7.13
7.13
7.27
7.42
7.49
7.40
7.52
7.39
7.53
7.40
7.57
7.49
7.49
7.69
7.75
7.75
7.92
7.80
7.92
7.92
7.87
7.77
7.77
7.74
7.77
8.17
8.15
7.99
8.23
8.41
8.55
8.66
13.92
23.84
113.47
49.74
25.28
27.45
52.50
48.69
102.69
118.54
144.37
152.48
151.84
164.82
159.76
161.35
151.27
166.17
146.10
148.32
152.24
157.83
148.69
141.81
138.31
166.09
139.21
144.90
134.64
140.71
137.52
144.29
131.96
141.14
138.49
136.51
144.17
141.17
132.34
135.49
146.07
150.61
161.85
135.71
139.34
142.42
141.68
9999.00
128.25
134.90
133.23
136.24
130.10
135.88
135.32
134.14
134.62
138.65
137.92
132.97
135.67
129.51
130.65
130.47
130.18
134.82
136.16
132.79
134.80
130.35
149.51
136.75
139.60
156.18
131.52
134.49
131.87
133.36
131.91
137.68
137.96
132.18
127.62
137.84
132.88
137.95
131.29
132.63
137.79
136.91
137.09
133.75
140.12
131.30
131.34
133.30
139.45
134.17
133.63
135.31
127.92
131.90
134.77
131.92
131.73
138.63
136.09
132.05
138.69
133.62
140.02
134.12
131.49
134.68
142.88
133.36
136.22
136.53
138.59
136.57
148.46
137.77
144.10
143.70
135.17
138.45
140.24
135.66
136.26
142.63
16.59
32.94
25.46
33.02
25.74
20.28
9.79
25.05
27.07
45.33
79.77
92.01
46.23
34.94
19.51
9.03
8.55
8.44
8.23
8.06
8.04
7.99
7.88
7.88
7.91
8.02
8.03
7.88
7.87
7.78
7.53
7.62
7.30
7.54
7.44
7.58
7.48
7.49
7.23
7.40
7.35
7.15
7.13
7.08
7.04
7.08
7.13
7.14
7.12
7.13
7.10
7.11
7.11
7.07
7.26
7.26
7.40
7.43
7.36
7.45
7.52
7.38
7.50
7.41
7.52
7.44
7.47
7.48
7.52
7.42
7.49
7.52
7.38
7.53
7.41
7.49
7.53
7.37
7.52
7.45
7.44
7.59
7.51
7.51
7.62
7.87
7.73
7.76
8.18
7.79
8.01
8.10
8.19
8.19
7.98
8.15
13.88
8.26
43.92
91.22
144.25
133.95
148.18
127.68
128.73
138.65
141.60
146.30
145.57
144.20
124.95
147.71
133.03
142.57
132.97
131.97
141.82
139.61
9999.00
126.19
122.73
122.40
127.69
124.05
123.58
126.74
137.53
131.49
119.89
124.83
132.38
121.06
126.51
128.08
128.16
126.90
128.50
128.38
128.87
128.84
124.11
127.93
128.47
125.21
121.58
129.67
128.16
132.85
121.66
129.08
126.63
134.49
130.82
124.23
132.46
133.10
151.42
128.34
131.62
138.29
150.79
124.61
142.48
130.98
130.85
131.83
129.27
132.09
131.95
135.09
139.21
129.56
128.91
133.10
133.95
134.54
133.81
137.14
128.22
136.21
133.58
127.53
135.26
128.88
131.37
132.55
136.04
132.11
132.88
134.40
132.20
131.66
132.60
133.50
130.45
132.80
134.96
134.03
31.35
9.75
9.64
9.36
9.24
9.07
9.04
8.93
8.90
8.97
8.92
8.94
9.08
9.30
9.11
9.09
8.87
8.72
8.84
8.86
8.41
8.48
8.20
8.24
7.93
8.02
8.30
7.93
8.34
8.34
8.38
8.24
7.90
7.88
7.91
8.02
8.03
8.00
7.89
7.88
7.48
7.42
7.58
7.53
7.42
7.58
7.50
7.48
7.58
7.51
7.46
7.43
7.09
7.13
7.18
7.07
7.10
7.11
7.06
7.07
7.08
7.07
7.07
7.06
7.08
7.05
7.05
7.05
7.07
7.07
7.10
7.10
7.05
7.13
7.07
7.45
7.09
7.15
7.12
7.06
7.09
7.11
7.14
7.14
7.03
7.37
7.31
7.51
7.72
7.68
7.34
7.67
7.73
7.76
7.98
7.89
7.83
7.83
7.84
7.89
7.83
7.84
7.84
8.00
8.07
8.02
8.36
8.17
8.10
8.51
18.52
17.52
63.07
34.80
132.88
135.85
133.29
130.32
126.60
137.13
133.92
9999.00
115.66
138.83
131.54
132.70
129.74
120.37
124.42
119.93
124.50
146.50
118.64
131.99
119.89
122.64
128.52
124.25
120.49
126.99
124.62
131.20
127.96
124.07
139.35
121.48
134.06
124.66
135.85
132.69
132.42
124.66
118.32
127.66
129.12
120.66
129.91
130.75
124.51
131.28
124.95
129.54
131.12
137.68
136.85
130.58
131.20
130.24
130.61
124.42
133.90
133.32
128.35
139.88
128.64
127.58
134.25
130.14
132.51
134.16
130.37
126.55
132.25
133.62
131.05
130.34
125.76
127.77
134.20
131.65
129.48
135.14
134.99
133.81
132.56
137.22
43.25
9.88
9.42
9.18
8.96
8.96
8.95
8.98
8.93
8.83
8.70
8.52
8.57
8.52
8.53
8.50
8.50
8.50
8.62
8.85
8.91
8.90
8.86
8.38
8.48
8.47
8.45
8.44
8.33
8.46
8.47
8.44
8.12
8.31
8.30
8.12
8.00
7.94
8.10
8.08
8.15
8.37
8.41
8.38
8.31
7.94
8.03
7.99
7.91
7.87
7.87
8.02
8.04
8.04
7.73
7.43
7.44
7.55
7.46
7.50
7.44
7.58
7.50
7.51
7.58
7.52
7.48
7.57
7.46
7.50
7.57
7.42
7.50
7.58
7.49
7.42
7.58
7.55
7.48
7.55
7.49
7.47
7.33
7.54
7.58
7.39
7.45
7.42
7.48
7.47
7.58
7.58
7.53
7.54
7.64
7.53
7.76
7.52
7.68
7.51
7.80
7.71
7.95
8.10
8.24
8.39
8.32
8.35
8.32
8.38
8.38
8.32
8.54
8.64
8.82
9.04
8.79
14.25
19.06
18.52
14.46
38.74
55.18
69.35
121.52
117.68
9999.00
17.89
26.25
40.93
37.25
35.05
20.12
30.09
107.25
91.43
65.46
44.84
20.71
25.22
35.36
95.13
125.90
110.89
117.40
118.66
116.80
118.48
117.23
121.64
118.24
119.32
135.90
124.84
117.94
130.49
124.67
116.03
118.61
110.72
120.57
125.77
133.79
135.37
129.11
126.70
124.63
116.07
126.09
134.59
133.66
130.15
131.60
133.03
79.46
62.39
20.13
21.27
18.51
9.95
9.79
10.14
15.07
13.62
28.92
51.52
48.54
113.63
110.75
136.12
116.58
133.48
127.26
126.72
130.40
124.21
133.81
125.46
25.99
9.34
9.07
9.32
9.05
8.84
8.60
8.49
8.57
8.55
8.55
8.57
8.57
8.44
8.57
8.56
8.69
8.60
8.93
8.80
8.50
8.52
8.49
8.52
8.50
8.49
8.52
8.50
8.52
8.50
8.57
8.73
8.41
8.45
8.32
8.47
8.45
8.45
8.48
8.44
8.48
8.44
8.54
8.62
8.88
8.85
8.55
8.40
8.44
8.40
8.41
8.44
8.39
8.30
8.44
8.11
7.95
8.06
7.90
7.87
7.90
8.00
8.03
8.03
7.98
7.96
7.91
7.93
7.91
7.91
8.14
7.99
7.81
7.73
7.70
7.66
7.69
7.50
7.77
7.48
7.55
7.72
7.55
7.66
7.54
7.93
8.06
7.90
8.00
8.10
8.15
7.99
8.36
8.39
8.40
8.32
8.35
8.39
8.36
8.32
8.40
8.33
8.34
8.40
8.33
8.36
8.45
8.62
8.42
8.73
8.83
9.07
9.17
9.20
9.54
9.39
9.61
9.56
9.50
10.08
13.98
10.02
28.35
22.55
31.36
24.99
13.87
10.60
17.83
9999.00
126.15
112.69
118.57
115.50
110.42
121.64
136.12
113.89
110.50
115.92
118.30
120.65
109.72
113.65
107.70
106.50
116.78
116.29
120.53
114.58
126.05
112.00
113.25
123.19
117.13
122.36
131.24
106.32
115.92
125.33
133.36
128.07
118.01
130.28
123.31
130.72
111.26
130.34
128.09
122.64
149.86
124.00
133.86
137.20
128.01
34.82
33.58
43.41
9.98
25.96
9.81
9.59
13.38
9.75
9.67
13.49
17.29
21.00
17.15
35.90
49.63
119.67
135.57
134.04
147.33
140.84
136.09
129.79
134.86
149.21
69.48
22.48
9.71
9.00
8.99
8.98
8.98
8.98
8.99
8.98
8.63
8.59
8.55
8.56
8.57
8.56
8.52
8.57
8.57
8.60
8.56
8.89
8.94
8.93
8.94
8.68
8.52
8.50
8.52
8.49
8.52
8.50
8.53
8.38
8.78
8.90
8.85
8.90
8.88
9.11
9.24
9.32
9.00
8.94
8.93
8.89
8.95
8.85
9.25
9.10
9.24
9.27
9.24
8.77
8.82
8.79
8.82
8.81
8.81
8.80
8.82
8.48
8.24
8.49
8.37
8.35
8.33
8.40
8.35
8.33
8.32
8.40
8.34
8.36
8.39
8.33
8.39
8.35
8.32
8.33
8.35
8.29
8.39
8.33
8.42
8.36
8.40
8.39
8.30
8.40
8.39
8.57
8.39
8.49
8.43
8.67
8.82
8.67
8.77
8.76
8.96
9.20
9.22
9.29
9.19
9.25
9.26
9.71
9.45
13.25
29.61
16.99
20.96
36.92
61.45
119.59
113.29
117.55
125.80
111.58
131.78
126.69
137.04
129.26
122.63
120.90
121.08
119.02
120.05
122.22
9999.00
127.48
119.09
137.15
115.79
122.01
117.77
121.23
136.88
133.59
135.07
121.26
123.89
130.73
120.55
127.15
118.62
131.28
143.25
137.68
134.27
123.72
141.15
127.25
128.17
134.90
134.49
120.27
123.04
132.89
123.15
137.21
130.07
127.78
118.41
116.27
117.80
115.85
127.70
132.64
125.15
137.86
128.00
115.40
115.56
128.88
151.60
124.31
141.75
141.00
143.48
141.86
126.61
141.67
146.41
151.81
144.33
130.74
131.43
145.84
119.48
149.91
156.27
121.70
122.99
134.67
137.99
156.10
144.36
153.54
137.52
128.01
88.87
18.75
9.86
9.42
9.33
9.20
9.30
9.13
8.99
9.34
9.20
9.01
8.68
8.64
8.57
8.70
8.82
8.80
8.94
8.95
8.96
8.97
8.99
8.99
8.76
8.54
8.43
8.50
8.55
8.40
8.78
8.84
8.84
8.93
8.93
8.92
8.91
9.29
9.10
8.85
8.84
8.84
8.84
8.86
9.01
9.21
9.26
9.04
8.82
8.79
8.82
8.81
8.70
8.82
8.83
8.71
8.68
8.52
8.35
8.39
8.32
8.39
8.35
8.32
8.40
8.37
8.36
8.33
8.06
7.88
7.88
7.91
7.97
7.83
7.93
7.99
7.82
7.85
7.99
7.98
7.97
7.76
7.88
7.83
7.93
7.87
7.95
7.87
7.96
8.10
8.40
8.77
8.76
8.75
8.74
8.75
8.78
8.78
8.62
8.74
8.76
8.72
8.75
8.78
8.88
8.98
9.19
9.11
9.23
9.40
13.08
17.16
20.78
26.16
51.27
89.64
116.23
88.85
118.52
138.88
192.20
182.89
284.86
281.56
116.87
99.16
115.99
139.83
129.50
9999.00
9.66
9.91
10.28
10.07
10.08
13.44
15.43
10.95
20.08
28.49
234.95
465.49
134.07
114.07
157.03
76.91
108.08
627.15
482.09
593.34
608.96
151.32
109.12
40.79
51.13
192.21
118.17
49.46
62.46
119.17
150.61
49.89
253.90
38.21
242.48
77.25
663.72
345.61
41.63
461.31
316.12
512.71
320.23
175.23
127.43
181.02
145.18
611.79
268.77
269.85
103.15
197.30
10.30
10.21
10.33
10.03
9.59
9.40
9.57
9.44
9.41
9.40
9.41
9.42
9.58
9.77
9.69
9.53
9.46
9.41
9.25
9.41
9.42
9.31
9.42
9.34
9.29
8.89
8.72
8.59
8.55
8.57
8.57
8.56
8.57
8.57
8.55
8.62
8.71
8.95
8.92
8.94
8.76
8.52
8.53
8.49
8.53
8.52
8.49
8.44
8.49
8.57
8.48
8.57
8.44
8.48
8.44
8.48
8.43
8.49
8.43
8.84
8.87
8.89
8.81
8.39
8.42
8.38
8.42
8.37
8.38
8.10
8.03
7.96
7.94
7.89
7.91
7.88
7.79
7.87
7.87
7.57
7.64
7.65
7.71
7.52
7.54
7.50
7.53
7.51
7.54
7.47
7.56
7.48
7.57
7.44
7.58
7.42
7.54
7.60
7.80
7.68
7.81
7.70
7.93
7.98
7.93
7.70
7.79
7.81
7.86
7.97
7.97
7.99
7.98
7.89
7.82
7.84
7.84
7.87
7.90
7.97
7.98
7.98
7.95
8.02
8.32
8.35
8.33
8.35
8.37
8.36
8.34
8.35
8.32
8.40
8.86
8.83
8.85
8.86
8.82
9.05
9.47
9.70
9.69
9.65
9.55
9.50
9.51
10.01
9999.00
8.44
8.40
8.44
8.42
8.81
8.85
8.86
8.87
8.86
8.85
8.84
8.85
9.15
9.32
9.32
9.25
9.17
9.15
8.99
9.10
9.15
9.55
9.33
9.14
9.32
9.36
9.33
9.36
9.05
9.13
8.96
8.95
8.93
8.93
8.93
8.94
8.95
8.96
8.98
8.98
8.98
9.07
9.02
9.01
9.09
9.21
9.29
9.41
9.41
9.21
9.41
9.21
9.26
8.80
8.94
8.46
8.67
8.65
8.55
8.60
8.56
8.56
8.55
8.57
8.56
8.55
8.57
8.55
8.55
8.56
8.56
8.57
8.42
8.55
8.56
8.55
8.53
8.53
8.53
8.20
8.24
8.55
8.39
8.56
8.56
8.55
8.55
8.53
8.42
8.31
8.05
8.05
8.12
8.16
8.19
8.19
8.03
8.26
8.46
8.38
8.10
8.06
8.14
8.13
7.97
8.33
8.29
8.47
8.45
8.47
8.13
7.93
7.93
7.93
7.94
7.92
7.95
7.93
7.62
7.65
7.57
7.68
7.70
7.73
7.79
7.93
7.84
7.48
7.57
7.52
7.43
7.52
7.52
7.40
7.54
7.53
7.56
7.53
7.52
7.44
7.41
7.58
7.27
7.31
7.32
7.13
7.27
7.25
7.29
7.24
7.33
7.17
7.17
7.19
7.20
7.20
7.13
7.23
7.35
7.32
7.28
7.28
7.40
7.29
7.21
7.26
7.37
7.54
7.38
7.51
7.42
7.40
7.53
7.43
7.54
7.54
7.53
7.51
7.50
7.57
7.58
7.43
7.60
7.46
7.58
7.84
7.48
7.76
7.75
7.92
7.88
7.88
7.88
7.87
7.91
7.95
7.95
8.41
8.38
8.43
9999.00
8.00
8.03
8.02
8.09
8.09
8.12
8.40
8.35
8.36
8.47
8.42
8.23
8.44
8.42
8.43
8.46
8.50
8.52
8.53
8.49
8.53
8.50
8.50
8.53
8.47
8.53
8.51
8.35
8.32
8.41
8.30
8.36
8.50
8.57
8.32
8.57
8.56
8.55
8.24
8.28
8.08
8.10
8.19
8.31
8.12
8.12
8.20
8.22
8.15
8.08
8.12
8.16
8.13
8.07
7.93
8.20
8.18
8.09
8.11
8.15
8.23
8.18
8.07
8.09
8.15
8.22
8.14
8.08
8.15
8.23
8.17
8.11
8.08
8.13
8.23
8.20
8.11
8.10
8.19
8.24
8.14
8.15
8.24
8.19
8.11
8.10
8.01
8.18
8.17
7.92
8.16
8.11
8.04
8.07
8.12
8.18
8.15
8.05
8.03
8.05
8.18
8.19
8.21
7.98
8.12
8.13
8.12
8.08
8.14
8.01
8.16
7.99
7.95
8.09
8.08
7.99
8.08
7.74
7.47
7.63
7.48
7.64
7.48
7.63
7.48
7.62
7.48
7.63
7.44
7.16
7.14
7.15
7.12
7.22
7.26
7.20
7.12
7.15
7.16
7.50
7.30
7.39
7.41
7.55
7.34
7.37
7.40
7.32
7.16
7.07
7.25
7.09
7.13
7.07
7.08
7.18
7.17
7.18
7.19
7.22
7.15
7.13
7.19
7.24
7.23
7.41
7.58
7.30
7.47
7.54
7.45
7.57
7.48
7.55
7.53
7.52
7.39
7.50
7.37
7.39
7.49
7.39
7.42
7.47
7.37
7.69
7.59
7.87
7.71
7.72
7.87
7.66
7.68
7.75
7.85
7.86
7.97
8.31
8.09
7.96
9999.00
7.98
8.08
8.24
8.27
8.15
8.05
8.09
8.12
8.13
8.07
8.04
7.99
7.97
8.01
8.22
8.03
8.06
8.11
8.18
8.06
8.03
8.06
8.11
8.17
8.13
8.06
8.02
8.05
8.16
8.23
8.16
8.08
8.16
8.23
8.15
8.08
8.11
8.15
8.16
7.95
7.87
7.80
7.70
7.67
7.69
7.65
7.83
7.68
7.57
7.84
7.83
7.59
7.68
7.72
7.83
7.83
7.68
7.68
7.77
7.83
7.83
7.68
7.68
7.82
7.83
7.69
7.68
7.67
7.69
7.68
7.82
7.71
7.68
7.68
7.79
7.83
7.71
7.69
7.68
7.73
7.68
7.70
7.68
7.70
7.82
7.83
7.85
8.07
7.92
8.19
8.10
7.87
7.82
7.82
7.67
7.69
7.84
8.13
8.06
8.03
8.05
8.12
8.19
8.18
8.04
8.47
8.13
7.99
7.97
7.99
7.99
8.01
8.03
8.16
8.20
8.05
8.01
7.93
8.05
8.01
7.94
7.93
7.91
7.77
7.66
7.66
7.40
7.63
7.48
7.64
7.48
7.63
7.56
7.53
7.80
7.38
7.39
7.49
7.23
7.75
7.18
7.27
7.35
7.28
7.15
7.13
7.19
7.33
7.17
7.30
7.36
7.28
7.42
7.27
7.34
7.39
7.41
7.46
7.45
7.41
7.31
7.56
7.41
7.15
7.45
7.34
7.35
7.14
7.27
7.26
7.15
7.16
7.26
7.30
7.22
7.24
7.28
7.23
7.35
7.64
7.73
7.33
7.62
7.63
7.53
7.63
7.54
7.57
7.62
7.48
7.64
7.57
7.71
7.88
8.06
8.09
8.05
8.04
8.01
8.08
9999.00
8.12
7.97
7.98
8.07
7.84
8.41
8.20
7.98
8.34
8.13
8.02
8.02
8.10
8.17
8.16
8.08
8.04
8.11
8.18
8.08
8.06
7.83
8.07
7.97
8.19
8.02
8.18
7.79
7.78
7.81
7.73
7.68
7.68
7.71
7.83
7.83
7.67
7.68
7.77
7.83
7.83
7.67
7.68
7.75
7.84
7.83
7.72
7.69
7.68
7.85
7.83
7.85
7.68
7.64
7.73
7.67
7.50
7.69
7.66
7.45
7.72
7.49
7.77
7.63
7.57
7.77
7.50
7.73
7.65
7.44
7.55
7.56
7.68
7.71
7.60
7.65
7.72
7.66
7.79
7.83
7.82
7.69
7.68
7.68
7.71
7.68
7.83
7.68
7.64
7.76
7.85
8.02
7.95
8.19
8.16
8.11
8.20
8.19
8.11
8.10
8.51
8.39
8.25
8.15
8.08
8.24
8.24
8.37
8.32
8.50
8.50
8.36
8.46
8.38
8.31
8.28
8.41
8.44
8.43
8.45
8.45
8.48
8.41
8.38
8.31
8.12
8.09
8.18
8.20
8.16
8.42
8.33
8.42
8.28
7.92
8.02
8.03
7.87
7.88
7.88
7.86
7.88
7.89
7.88
7.90
7.88
7.89
7.90
7.94
7.91
7.92
7.87
7.49
7.83
7.76
7.60
7.59
7.73
7.56
7.59
7.78
7.61
7.91
7.53
7.89
7.72
7.69
7.87
7.87
7.82
7.87
7.92
8.00
7.94
7.96
7.97
7.88
7.72
7.75
7.85
7.77
8.26
8.32
8.26
8.13
8.09
8.05
7.92
7.91
7.93
7.98
8.03
8.08
8.09
8.09
8.11
8.44
8.48
8.48
8.09
9999.00
8.88
8.77
8.52
8.50
8.53
8.52
8.50
8.52
8.39
8.27
8.39
8.20
7.93
8.40
8.50
8.36
8.16
8.20
7.99
8.14
8.22
8.10
8.18
8.16
7.99
7.88
7.85
7.69
7.66
7.68
7.82
7.83
7.67
7.83
7.77
7.71
7.71
7.74
7.73
7.93
7.87
7.99
7.88
7.88
7.77
7.79
7.88
7.88
7.88
7.73
7.73
7.73
7.86
7.88
7.62
7.82
7.70
7.84
7.69
7.65
7.69
7.65
7.80
7.50
7.72
7.80
7.49
7.45
7.57
7.65
7.73
7.75
7.88
7.88
7.88
7.73
7.73
7.73
7.73
7.79
7.87
7.87
7.88
8.07
8.19
8.22
8.15
8.28
8.21
8.19
8.13
8.50
8.32
8.09
8.34
8.31
8.48
8.65
8.57
8.55
8.61
8.60
8.75
8.91
8.93
8.96
8.94
8.96
9.00
8.98
9.04
9.34
9.37
9.18
9.11
9.26
9.13
9.34
9.30
9.31
9.32
9.46
9.63
9.73
9.73
9.73
9.73
9.65
9.39
9.48
9.25
9.29
9.33
9.42
9.48
9.58
9.69
9.59
9.61
9.31
9.26
9.21
9.06
9.07
9.08
9.15
9.35
9.17
9.21
9.16
9.04
9.14
9.02
9.10
9.21
8.96
9.13
9.04
9.09
8.57
8.59
8.64
8.48
8.59
8.60
8.78
8.79
8.79
8.78
8.82
8.80
8.79
8.80
8.79
8.79
8.81
8.74
8.74
8.64
8.81
8.66
8.95
8.79
8.81
8.85
8.71
8.84
8.86
8.79
8.87
8.87
8.84
8.73
8.66
8.67
8.58
8.82
8.77
8.88
8.88
9999.00
9.78
9.71
9.38
9.35
9.35
9.10
9.07
9.06
9.00
8.96
8.94
8.96
8.71
8.64
8.59
8.56
8.56
8.55
8.64
8.68
8.46
8.56
8.61
8.60
8.61
8.54
8.26
8.28
7.98
8.23
8.22
7.99
8.12
8.14
7.96
7.78
7.79
7.80
7.87
7.88
7.88
7.73
7.88
7.88
7.88
7.87
7.73
7.73
7.73
7.73
7.77
7.88
7.88
7.90
7.80
7.92
7.90
7.87
7.93
7.90
7.90
7.93
7.75
7.61
7.72
7.87
7.73
7.77
7.86
7.72
7.90
7.97
8.05
8.18
8.15
8.11
8.37
8.31
8.62
8.45
8.54
8.57
8.63
8.73
9.00
9.05
8.88
9.09
9.06
9.47
9.41
9.47
9.61
9.75
9.88
13.81
13.92
108.64
138.80
122.17
138.98
120.48
126.98
140.95
124.53
132.10
146.13
130.70
123.22
125.37
134.30
120.97
111.08
125.10
118.97
157.66
138.39
120.63
130.70
136.94
132.59
130.81
113.15
142.80
138.59
131.06
119.00
139.94
147.82
128.21
115.88
135.56
130.35
135.13
126.36
131.12
126.26
111.04
131.12
128.77
120.78
131.12
118.10
128.82
134.46
134.75
124.54
130.76
138.49
126.97
130.47
128.59
122.97
134.97
116.90
116.74
128.80
115.01
121.91
112.92
106.88
116.89
109.26
138.35
114.64
118.47
120.61
118.91
134.85
122.12
110.96
110.51
109.35
116.77
115.01
120.95
111.15
108.81
110.85
109.03
120.80
107.19
134.16
138.48
118.87
120.76
122.59
51.00
28.83
10.93
10.54
10.22
10.47
10.21
10.14
10.10
10.15
9.92
10.13
9.75
9999.00
113.05
110.78
116.66
110.68
120.41
118.45
78.56
56.71
39.81
22.32
18.77
9.99
10.22
9.91
9.86
9.70
9.45
9.50
9.44
9.35
9.25
9.12
9.06
9.08
9.07
9.08
9.25
9.46
9.46
9.35
9.06
9.07
9.03
9.07
8.95
8.94
8.69
8.57
8.65
8.67
8.53
8.65
8.66
8.55
8.63
8.63
8.66
8.57
8.63
8.66
8.62
8.58
8.58
8.65
8.50
8.54
8.50
8.55
8.46
8.50
8.37
8.55
8.49
8.39
8.59
8.52
8.48
8.63
8.68
8.52
8.72
8.93
9.13
9.53
9.47
9.52
9.73
9.87
32.41
148.43
131.58
120.98
132.01
122.24
136.52
117.71
120.72
141.30
130.17
117.78
120.45
123.15
138.10
132.96
122.66
117.14
137.98
128.01
122.02
134.19
125.01
139.24
130.80
140.34
139.84
127.63
115.95
117.45
137.59
132.20
138.42
140.04
124.82
122.24
126.06
122.57
129.93
144.17
136.20
134.14
136.29
126.29
134.47
152.10
138.43
118.95
132.05
131.54
125.58
115.99
134.70
137.69
132.12
120.36
122.66
124.63
116.60
134.33
122.63
137.99
124.20
125.99
122.66
136.02
115.24
17.40
21.02
17.42
30.75
9.97
10.05
9.86
9.90
9.87
9.62
9.96
9.75
9.96
9.93
9.97
10.02
9.97
9.98
9.97
9.93
9.89
9.97
9.88
10.06
10.13
10.57
29.81
35.91
118.50
108.63
109.10
112.84
122.79
118.79
116.74
124.28
113.47
116.24
109.23
116.46
111.16
122.10
107.32
116.40
118.78
124.23
114.55
118.27
112.42
120.06
113.01
110.68
114.61
107.01
117.45
9999.00
114.58
110.20
120.73
121.75
121.38
114.20
119.49
115.37
108.64
114.09
131.15
115.29
118.60
123.96
117.11
115.43
54.46
129.70
111.93
85.25
97.07
39.62
85.13
112.12
121.80
132.00
115.15
112.48
110.88
110.62
114.43
110.38
64.04
44.47
28.59
14.15
10.27
10.33
9.99
10.25
9.87
9.95
9.98
9.91
10.18
10.18
37.17
69.17
90.14
98.77
124.79
129.04
110.84
124.56
127.28
120.98
120.64
110.97
120.54
118.55
119.47
112.51
118.62
128.50
122.24
119.59
120.56
115.45
124.12
116.76
118.86
121.57
124.96
121.83
138.93
141.01
125.89
119.72
131.19
119.37
117.41
124.97
140.88
138.95
135.26
123.37
133.94
140.97
127.98
144.64
144.70
130.78
132.52
138.42
130.92
136.62
126.69
149.09
154.89
137.80
143.71
142.78
128.72
154.47
138.00
136.47
127.49
140.13
137.72
131.94
119.34
126.79
122.80
143.32
144.63
147.13
133.43
133.69
88.27
108.59
19.09
10.15
10.20
10.00
10.06
10.01
10.01
9.97
9.94
9.68
9.30
9.32
9.55
9.49
9.32
9.29
9.47
9.42
9.11
9.14
9.19
8.99
8.77
8.81
8.81
8.80
8.76
8.77
8.75
8.78
8.74
8.82
8.75
8.76
8.76
8.76
8.65
8.85
8.77
8.66
8.76
8.84
8.77
8.89
8.97
8.87
9.51
9.28
9.46
9.52
9.48
9.57
9.63
9.60
9.57
9.61
9.86
10.13
10.01
10.12
10.11
10.02
10.18
10.01
10.17
10.52
10.55
17.93
34.83
43.52
30.63
36.90
37.40
33.81
54.60
54.60
44.76
133.40
122.36
112.21
9999.00
10.79
11.31
11.07
11.05
11.01
16.02
22.96
10.82
31.16
30.82
10.91
10.78
19.69
15.99
11.17
11.06
11.06
14.57
14.52
28.17
19.07
10.69
14.18
10.86
10.36
32.14
75.81
110.65
122.81
136.95
125.02
118.88
122.71
138.89
122.63
138.26
94.05
43.19
10.68
10.52
10.33
10.54
10.32
10.34
10.43
10.41
10.59
29.00
73.51
122.69
142.35
140.16
131.71
151.19
122.58
135.30
134.13
132.67
132.92
147.59
138.41
140.72
130.06
132.34
150.57
136.18
152.72
119.05
130.83
135.13
153.86
144.96
138.31
132.27
156.84
140.80
140.11
147.28
157.73
167.14
138.82
139.76
156.37
131.18
60.94
10.75
17.12
10.29
10.20
10.12
10.27
10.22
10.19
10.22
10.14
9.94
9.84
9.75
9.73
9.77
9.80
9.72
9.74
9.90
9.84
10.08
10.11
10.12
10.12
10.07
10.07
10.29
9.93
9.81
9.96
10.03
9.96
9.51
9.67
9.49
9.56
9.54
9.63
9.48
9.46
9.54
9.49
9.22
9.20
9.15
9.21
9.21
9.22
9.19
9.18
9.18
9.21
8.77
8.89
8.92
8.71
8.81
8.78
8.71
8.75
8.77
8.76
8.75
8.75
8.78
8.77
8.75
8.76
8.76
8.75
8.76
8.77
8.78
8.76
8.75
8.77
8.76
8.76
8.78
8.77
8.74
8.64
8.91
8.84
8.66
8.98
9.21
9.24
9.19
9.23
9.27
9.28
9.34
9.62
9.84
9.93
9.77
9.84
9.82
9.90
9.95
10.24
10.54
10.45
10.41
10.45
10.80
10.91
10.87
10.76
10.93
10.74
10.87
10.72
10.91
9999.00
43.17
32.70
40.54
94.67
53.66
102.62
109.15
134.41
137.47
144.79
135.95
86.06
110.15
90.80
123.66
91.86
33.78
34.74
33.18
26.55
26.55
10.61
10.62
10.65
10.58
10.32
10.38
10.47
10.32
10.85
16.21
58.58
91.61
72.47
124.43
128.23
79.22
28.16
10.70
10.62
10.50
10.29
10.27
10.26
10.08
9.98
10.26
10.14
10.30
10.27
10.40
10.62
10.67
10.74
67.54
133.99
147.70
130.87
134.36
144.42
134.79
164.06
156.22
151.19
169.96
151.97
141.01
116.49
105.99
54.05
24.04
10.73
10.69
10.31
10.25
10.14
10.17
10.18
10.14
9.50
9.54
9.40
9.40
9.41
9.41
9.41
9.41
9.41
9.42
9.54
9.34
9.38
9.21
9.01
9.20
9.33
9.28
9.36
9.36
9.36
9.37
9.36
9.38
9.57
9.62
9.80
9.72
9.57
9.60
9.89
9.62
9.87
9.62
9.60
9.71
9.73
9.69
9.69
9.59
9.81
9.67
9.64
9.59
9.49
9.51
9.55
9.63
9.63
9.64
9.58
9.48
9.41
9.27
9.20
9.22
9.21
9.19
9.20
9.23
9.20
9.19
9.17
9.07
8.91
8.89
9.03
8.85
9.04
8.90
8.94
8.80
8.92
9.14
8.85
8.87
8.89
8.96
8.90
9.03
9.12
8.90
8.94
8.85
8.89
9.02
9.09
9.00
9.19
9.33
9.22
9.27
9.34
9.29
9.66
9.50
9.55
14.93
10.07
15.26
10.05
10.14
10.23
10.55
25.32
15.49
41.54
57.69
61.83
49.47
63.40
50.79
42.21
51.04
51.83
45.62
68.94
114.59
95.77
73.21
25.66
9999.00
168.78
164.46
162.30
171.89
156.42
149.43
158.07
157.52
178.85
132.19
170.25
129.48
153.64
171.41
150.91
170.83
150.35
153.66
142.59
152.66
152.09
133.20
144.03
146.17
74.61
43.75
11.08
10.49
23.24
17.06
37.87
74.42
54.76
130.56
156.16
139.63
142.00
145.85
139.25
89.68
44.82
10.56
10.26
10.26
10.26
10.27
10.22
9.93
9.88
9.87
9.79
10.17
10.05
10.25
10.26
10.29
10.44
10.44
15.00
30.63
75.11
78.58
61.63
57.98
10.68
10.58
10.37
10.24
9.97
9.72
9.53
9.48
9.49
9.54
9.49
9.61
9.56
9.49
9.01
9.01
8.99
9.00
9.03
8.91
9.02
9.01
8.98
9.01
9.12
9.31
9.37
9.39
9.33
9.28
9.33
9.07
9.03
9.05
9.04
9.14
9.26
9.37
9.37
9.34
9.37
9.37
9.56
9.62
9.80
9.61
9.75
9.79
10.07
10.12
10.22
10.10
10.05
10.11
10.10
10.27
10.42
10.15
10.16
10.49
10.07
15.52
10.33
10.39
20.61
15.17
19.23
15.54
24.34
10.21
35.33
41.15
73.83
105.26
142.18
142.92
155.20
151.60
108.19
95.92
123.09
140.62
151.67
138.91
137.62
154.14
165.36
164.62
138.85
132.55
170.30
160.28
134.81
143.55
161.70
146.82
150.32
128.97
167.64
168.79
153.75
137.61
127.47
138.02
141.53
152.65
151.36
172.19
146.55
131.28
151.64
158.84
174.50
155.40
159.24
162.67
160.73
153.45
145.87
146.24
157.79
149.34
149.36
159.86
137.89
159.16
148.79
169.42
135.00
159.88
134.93
155.91
161.61
171.80
150.35
146.40
9999.00
164.35
134.25
158.68
140.78
153.13
146.15
148.02
132.46
132.19
141.67
151.01
132.56
147.80
145.85
131.87
130.90
148.49
139.70
131.74
133.96
139.35
126.02
159.34
138.06
149.66
136.48
132.96
134.97
144.55
128.88
125.69
111.80
134.78
129.89
132.75
132.55
130.24
138.91
139.00
137.20
149.11
131.81
133.16
130.78
99.98
48.91
20.31
9.98
10.04
9.93
9.87
9.85
9.86
9.96
9.82
10.08
10.03
10.14
10.07
16.47
15.36
32.08
37.63
33.35
24.22
10.22
10.27
10.05
9.97
9.61
9.40
8.91
9.19
9.16
9.23
9.08
9.02
9.08
9.15
9.05
9.15
9.35
9.40
9.37
9.17
8.97
9.00
9.01
8.88
8.94
9.04
8.92
9.02
9.01
8.99
9.01
9.05
9.38
9.41
9.40
9.42
9.41
9.61
9.85
9.77
9.88
9.89
10.06
10.26
10.16
10.25
10.37
14.24
10.67
16.98
45.40
42.93
129.76
135.82
134.76
129.97
139.46
134.38
136.27
133.38
136.42
144.70
139.68
142.96
143.43
138.84
132.41
137.22
135.88
134.22
142.23
147.44
135.93
152.00
133.01
153.30
141.40
144.92
141.41
143.09
140.72
169.52
138.91
132.19
139.12
145.25
141.15
146.73
171.84
168.98
157.09
155.56
143.67
140.02
161.22
140.92
134.22
161.38
168.25
150.21
154.18
147.58
135.81
135.68
135.69
127.16
139.27
142.72
158.18
144.65
138.84
134.78
136.02
133.52
134.09
135.74
132.20
143.52
144.64
152.83
132.49
144.16
146.48
136.42
151.03
165.27
142.06
141.35
151.94
135.93
131.15
148.01
150.58
152.97
140.09
9999.00
134.70
133.04
130.74
133.11
134.36
130.60
134.15
131.61
133.22
133.43
132.97
133.22
131.03
136.72
137.20
136.75
131.34
136.11
133.35
130.37
131.51
133.58
129.31
130.91
131.61
133.59
132.10
132.36
133.12
133.37
136.31
134.89
133.46
132.62
131.52
131.59
130.59
131.05
132.30
132.10
132.19
132.93
132.76
132.99
132.21
128.87
135.27
132.98
89.13
21.08
9.63
9.74
9.61
9.51
9.56
9.54
9.57
9.92
9.54
9.67
9.86
9.75
9.94
16.13
21.09
9.86
19.77
9.86
9.86
9.64
9.66
9.43
9.60
9.53
9.30
9.26
9.14
9.05
9.04
9.06
9.07
9.03
9.06
9.07
9.03
9.07
9.06
9.05
9.06
9.08
9.03
9.29
9.20
9.46
9.36
9.48
9.51
9.58
9.81
10.08
18.85
21.46
52.41
137.26
138.66
136.55
132.26
134.27
135.19
132.20
131.50
131.88
133.53
131.65
132.32
139.02
133.00
132.07
133.18
134.76
132.99
132.97
133.94
133.42
135.20
130.80
133.42
131.53
136.04
133.16
130.72
132.16
131.50
130.96
133.89
133.08
134.26
135.35
133.91
131.68
132.42
132.65
131.07
133.62
131.29
132.85
130.09
130.92
138.58
133.08
128.59
132.33
133.33
135.73
141.28
136.95
133.40
134.29
133.29
136.97
134.51
136.34
134.82
137.58
130.44
138.73
138.05
138.45
139.80
135.82
133.25
139.27
142.05
134.50
132.10
135.69
135.20
136.77
135.73
138.26
135.12
137.31
137.22
141.10
138.66
139.27
138.98
131.23
137.86
134.67
132.49
134.07
134.23
132.46
133.80
132.86
134.48
137.48
134.76
134.04
9999.00
133.53
133.48
131.49
132.88
134.18
133.50
131.69
130.80
132.24
136.05
132.56
132.75
133.80
133.70
133.50
131.77
132.74
132.42
132.68
134.37
132.84
132.72
133.12
130.58
133.01
131.98
132.34
130.91
130.37
129.17
132.84
131.69
131.05
126.39
132.95
132.68
133.18
131.84
130.71
130.96
130.93
131.97
131.02
130.23
129.99
131.33
131.34
133.44
132.84
132.20
121.84
21.41
24.91
10.00
9.96
9.51
9.54
9.49
9.50
9.53
9.51
9.43
9.51
9.72
9.73
9.72
15.84
45.27
59.58
74.43
83.98
82.97
16.19
26.14
21.98
21.16
9.69
9.70
9.59
9.66
9.61
9.51
9.52
9.52
9.65
9.67
9.85
9.78
9.95
21.07
21.32
79.26
124.58
132.40
133.44
132.61
133.06
133.58
132.89
131.99
135.78
133.72
133.36
135.28
132.97
132.98
133.32
132.20
134.13
133.62
131.75
134.61
134.72
132.03
132.32
133.45
133.24
133.64
133.87
132.40
133.04
131.71
131.82
132.88
131.27
131.20
133.00
132.24
131.25
132.35
131.78
133.10
136.95
133.64
129.95
134.62
130.00
129.61
132.83
134.18
134.82
129.81
134.13
133.56
136.24
133.24
134.12
133.36
133.23
131.85
133.33
134.26
133.06
133.13
134.26
132.15
134.90
135.66
132.77
132.45
132.08
133.07
134.15
133.49
133.11
131.94
135.15
132.22
134.09
133.59
133.27
137.77
134.48
134.03
131.96
133.39
133.90
132.95
135.82
132.07
136.36
135.15
132.74
133.91
134.09
133.78
134.15
133.80
138.35
132.76
133.24
134.68
133.66
133.95
134.41
136.04
134.22
133.95
134.02
132.85
9999.00
132.40
131.50
133.70
133.58
137.34
131.61
131.81
132.32
131.90
133.16
134.43
132.61
131.54
134.00
133.16
131.65
134.32
132.50
133.94
128.61
131.17
129.53
132.66
131.40
132.67
131.35
132.70
135.81
132.01
130.69
131.73
130.95
131.70
132.57
133.22
133.84
132.15
131.52
132.37
132.09
132.86
131.79
132.37
131.46
134.07
131.11
130.51
131.96
133.89
132.78
131.91
131.80
134.09
131.56
131.18
107.19
101.40
31.16
22.07
21.36
28.27
22.05
22.20
51.38
71.64
112.78
132.80
133.44
132.15
132.01
132.76
133.14
133.16
133.81
133.48
132.69
133.09
132.95
133.61
133.34
132.70
132.72
133.24
134.07
133.47
132.96
134.28
134.43
134.86
134.73
136.17
133.69
133.84
133.07
134.59
134.42
134.34
132.27
133.47
133.75
131.64
133.76
134.73
136.44
134.36
133.71
133.50
133.12
131.83
133.79
133.68
132.76
135.87
134.06
133.01
133.46
132.92
132.24
130.73
134.73
135.88
134.60
133.83
133.12
137.90
133.61
133.41
134.63
132.74
134.14
133.55
134.61
134.23
133.27
134.07
137.30
133.22
134.32
134.24
133.16
135.30
133.70
131.93
132.57
134.85
133.50
135.18
129.74
136.70
132.23
133.07
135.80
133.73
137.30
133.83
135.10
134.82
137.57
138.86
137.99
137.43
131.72
133.66
134.94
136.15
134.01
138.48
134.64
136.16
133.41
133.97
135.20
142.42
133.49
134.04
139.33
131.60
134.95
133.46
133.62
134.48
134.34
134.62
133.95
133.25
131.81
133.92
134.35
133.74
136.54
134.43
134.58
135.45
132.80
132.38
133.98
133.59
131.50
132.65
131.03
9999.00
132.89
138.55
144.88
135.34
134.35
131.72
133.40
134.18
135.93
134.71
130.33
132.01
132.64
132.41
133.20
130.01
134.05
134.50
133.31
134.10
132.70
131.96
131.72
133.57
131.42
134.81
133.08
133.87
134.63
133.92
134.55
132.44
134.36
133.41
133.10
132.84
134.10
131.99
133.00
133.12
134.02
131.70
131.19
132.52
133.23
131.35
130.97
133.22
133.72
134.04
131.88
133.40
136.01
132.05
133.86
133.34
136.79
130.50
133.98
137.27
133.77
136.88
133.06
134.27
134.44
136.28
134.96
134.20
134.62
135.27
133.47
136.37
134.90
139.02
134.00
132.84
136.96
133.15
134.65
133.59
136.28
134.23
139.84
137.14
134.41
136.22
135.06
138.53
134.59
134.74
134.79
133.91
134.47
133.42
137.68
137.36
135.04
136.87
150.71
138.93
134.35
136.54
134.98
138.38
135.54
134.84
136.47
140.64
135.15
139.04
140.30
136.50
136.62
137.94
136.71
132.99
140.23
140.20
138.95
134.28
134.09
134.22
134.73
136.58
134.56
137.11
134.22
135.04
134.33
145.16
132.96
147.75
135.20
134.24
135.28
137.44
135.12
147.65
137.96
145.08
147.66
136.58
147.02
134.82
145.29
130.88
131.45
146.03
132.08
139.70
133.05
135.51
135.56
132.67
139.90
137.18
140.03
137.31
135.51
136.87
136.52
135.07
135.25
133.38
134.60
135.12
137.19
140.44
138.14
137.01
134.58
133.69
134.85
141.54
132.40
134.56
134.81
134.50
157.05
144.98
142.31
137.31
136.60
139.43
148.00
135.94
136.46
133.08
140.34
133.81
135.15
133.86
143.22
150.68
134.38
142.20
141.42
133.94
135.25
134.47
9999.00
147.29
146.90
153.60
166.93
153.53
155.58
141.04
136.50
148.11
136.61
134.95
163.18
141.75
153.64
138.51
136.51
135.98
140.32
170.23
137.96
131.37
133.94
148.46
150.11
152.66
145.98
145.26
152.89
146.79
156.62
150.68
150.60
137.57
156.81
137.82
141.69
145.55
158.49
146.05
133.51
138.05
132.93
150.58
132.44
143.87
139.99
141.11
158.00
136.59
155.21
132.35
146.57
159.41
136.39
144.54
147.86
164.27
134.93
141.30
143.21
138.11
134.04
149.28
147.79
166.44
137.98
156.15
143.34
145.50
145.73
137.22
139.41
148.06
164.95
156.84
161.64
158.16
143.67
148.31
137.75
149.23
164.31
153.35
146.33
148.16
137.45
135.56
134.55
148.04
160.29
145.88
150.86
153.49
148.34
166.18
145.60
151.01
153.42
145.76
168.30
171.17
150.42
165.82
142.93
146.21
167.68
168.39
156.06
174.30
155.93
163.15
151.06
173.37
158.40
153.68
168.17
159.69
138.32
154.87
158.71
133.90
169.23
165.21
167.83
150.35
159.59
163.31
158.26
158.34
165.36
173.36
170.49
170.81
167.65
178.22
137.14
145.70
145.60
154.95
164.53
156.48
152.31
172.43
175.11
167.26
148.49
155.97
143.48
152.29
172.08
167.23
172.89
162.41
173.48
153.46
148.91
182.92
156.07
157.56
163.18
152.93
145.05
137.29
172.63
168.76
177.96
185.50
176.90
185.44
166.48
157.06
152.52
155.78
160.55
143.57
137.02
142.86
139.58
175.94
159.77
162.27
141.84
145.21
151.14
173.20
173.38
160.44
160.42
141.31
136.24
152.87
153.29
152.46
153.24
159.64
177.51
157.37
150.83
152.31
152.17
9999.00
176.64
167.98
175.55
177.11
178.88
169.94
172.18
169.90
170.50
172.32
175.68
165.45
155.55
160.15
147.92
156.99
166.99
175.91
177.66
179.50
173.73
154.01
170.29
153.60
163.68
164.54
152.24
177.99
143.28
183.57
149.49
181.93
183.84
176.52
167.76
185.55
182.18
175.28
181.70
179.08
174.20
170.30
180.79
183.18
185.73
183.32
179.91
187.47
181.39
185.99
178.79
179.56
181.74
186.08
185.65
184.92
180.69
177.24
175.63
185.70
178.10
182.83
181.92
181.56
180.81
169.42
181.67
160.67
171.88
178.45
180.82
173.08
169.10
177.39
177.67
175.31
177.65
179.98
177.99
183.56
175.75
177.63
182.91
185.63
185.12
178.24
185.41
184.52
184.77
181.93
181.99
185.32
180.48
154.95
149.87
178.07
176.61
178.41
182.08
180.40
180.67
179.95
180.57
185.66
173.21
178.00
180.37
183.54
171.95
162.47
158.56
178.67
182.52
173.46
152.01
179.63
170.85
182.98
167.15
174.72
157.09
175.33
180.86
180.80
179.45
184.90
169.86
181.61
183.46
179.61
179.43
174.52
181.21
172.94
186.01
162.82
177.26
181.73
183.09
175.43
185.43
173.61
174.32
176.02
182.25
170.85
180.43
173.65
149.11
173.78
176.82
171.80
178.86
162.52
184.82
174.47
176.23
179.40
167.11
177.04
185.80
174.28
179.34
171.88
180.96
170.18
176.76
171.55
186.06
182.28
170.21
178.65
186.06
183.30
179.20
174.93
179.08
178.16
167.65
185.19
179.50
160.53
181.34
170.30
175.33
171.34
176.97
177.71
170.60
181.34
165.80
180.09
176.58
181.17
174.72
172.62
183.20
181.32
165.59
145.79
9999.00
179.81
176.10
173.27
169.83
183.67
172.67
181.79
171.84
175.68
175.95
181.35
174.64
171.18
185.25
182.72
174.00
153.17
176.30
178.12
177.55
183.49
175.62
176.99
166.32
181.48
182.26
174.30
183.05
183.93
180.06
177.72
176.36
163.34
178.43
147.63
171.22
185.81
173.08
184.67
184.48
181.50
177.70
178.14
175.37
180.84
172.97
179.80
185.47
172.58
181.75
179.90
169.12
182.27
179.69
169.57
177.93
184.33
175.80
174.59
184.71
174.02
181.65
172.70
175.59
177.58
182.10
180.79
171.44
164.08
181.63
178.65
178.53
178.34
177.11
175.99
173.87
180.49
184.92
180.32
180.86
171.42
176.02
164.61
169.95
180.69
177.74
174.01
169.76
183.94
185.67
180.92
182.27
185.91
181.48
179.73
177.76
174.41
177.41
168.59
177.17
169.52
181.99
182.56
172.24
179.23
174.03
170.02
178.00
174.48
179.80
178.41
183.78
178.89
181.61
176.76
182.13
185.66
181.83
185.93
185.12
181.84
176.55
182.18
178.17
176.01
186.28
185.43
182.00
166.36
181.73
178.26
175.96
177.86
180.86
174.32
186.17
184.41
184.32
178.23
177.54
185.74
184.24
184.21
170.51
177.42
185.03
180.96
175.25
180.75
182.93
181.29
184.11
181.68
180.62
181.96
186.05
179.02
183.87
182.42
173.57
181.92
177.22
186.22
180.77
177.90
185.72
180.32
179.23
185.09
182.01
179.35
182.02
169.85
182.18
186.18
183.03
177.93
185.10
181.79
185.18
180.43
171.27
175.09
175.32
178.01
179.30
183.96
182.02
184.01
171.11
164.05
181.85
168.25
181.44
181.77
172.44
168.54
175.84
167.08
178.90
9999.00
181.15
171.39
184.96
181.70
179.07
181.54
177.56
170.25
180.81
177.37
177.57
181.90
175.26
179.22
177.88
177.25
176.61
181.10
181.14
177.27
185.82
184.38
173.46
166.90
177.83
173.78
185.16
181.56
169.31
171.12
184.93
177.96
181.15
181.38
173.52
181.17
173.95
185.20
178.15
180.84
173.64
185.72
181.27
184.78
185.75
176.24
173.75
173.56
167.13
177.73
177.57
181.35
177.43
177.68
176.01
181.63
185.47
177.43
173.84
173.33
185.24
177.79
177.62
180.96
181.07
181.23
185.01
185.50
184.74
169.80
177.47
180.01
180.24
185.43
176.55
177.58
172.47
176.35
181.72
162.13
185.58
180.99
178.00
180.92
185.44
172.82
185.08
175.78
175.02
181.45
184.79
178.22
177.44
173.82
177.27
185.06
173.26
181.71
185.29
177.09
173.98
181.79
185.48
183.67
174.15
177.74
177.98
166.68
181.45
181.13
179.12
185.73
181.24
177.79
179.55
181.63
177.75
181.77
181.55
180.81
177.36
179.17
181.70
184.41
177.58
177.33
181.66
181.35
181.85
181.43
179.73
185.37
180.78
181.70
180.39
181.25
173.34
185.41
181.15
180.80
180.85
180.99
181.17
181.15
181.54
179.50
181.30
185.16
181.23
172.41
180.86
181.26
166.40
185.47
180.82
169.52
185.43
177.44
171.97
185.48
177.21
176.69
184.92
174.34
177.31
180.68
177.49
170.28
177.33
177.59
177.03
177.45
184.38
181.19
180.56
178.80
158.88
181.59
180.06
177.31
181.42
180.66
179.54
178.38
181.68
180.75
173.45
173.15
185.16
169.61
173.48
185.17
180.97
185.26
181.91
183.63
178.09
177.19
179.99
182.80
9999.00
181.66
176.56
182.96
180.59
181.18
170.85
185.25
181.60
181.14
173.69
177.13
182.61
168.92
181.32
179.07
165.71
169.52
175.41
171.36
181.11
185.18
177.77
185.06
170.65
177.22
180.74
181.48
160.52
185.02
181.33
184.91
181.02
165.91
181.15
173.32
173.57
176.94
185.32
181.26
181.10
181.12
184.70
177.29
168.73
165.91
182.19
177.37
169.55
177.31
175.47
173.43
177.08
181.68
184.97
176.85
181.23
173.09
177.38
180.47
171.29
173.48
165.76
169.97
181.54
185.45
172.60
165.91
169.49
177.69
170.94
181.12
169.47
173.65
177.35
177.91
176.17
170.74
185.26
180.50
181.41
163.05
185.47
185.49
176.11
173.72
184.83
179.03
169.00
181.57
172.79
181.04
177.46
173.47
173.15
184.93
184.96
173.39
181.56
177.02
173.55
184.34
185.09
180.44
180.91
171.29
171.00
185.03
184.82
173.36
177.41
184.96
184.51
173.80
176.89
180.91
173.56
173.51
181.33
185.09
177.19
184.64
181.56
177.16
177.49
181.40
182.66
185.30
181.28
185.40
180.63
175.03
176.96
177.06
184.58
177.45
182.45
185.07
186.17
180.51
181.53
184.49
181.06
184.27
175.25
175.66
177.31
185.27
180.95
185.38
180.54
181.49
161.23
185.10
172.92
185.09
181.88
176.11
170.74
184.57
181.27
180.61
177.62
184.48
181.33
184.77
165.16
185.14
181.40
173.54
175.07
164.99
180.28
173.76
184.63
185.30
169.60
177.43
177.81
180.80
181.49
184.90
175.68
185.00
177.49
182.20
181.56
173.67
176.69
169.39
172.77
173.23
177.34
181.45
175.18
164.12
180.49
182.02
173.73
172.47
178.75
9999.00
160.12
185.23
152.22
148.44
157.50
176.40
170.09
166.35
173.95
176.05
176.78
173.76
177.85
160.15
178.75
173.37
161.18
164.15
159.47
164.77
175.34
161.68
156.56
168.77
151.69
156.56
166.35
182.80
176.48
162.34
156.32
163.40
163.27
174.93
177.35
167.36
182.39
162.25
171.13
177.05
163.20
176.03
175.31
172.27
169.64
158.34
170.93
164.88
162.82
166.61
149.30
159.80
155.58
166.37
180.13
169.74
181.73
168.36
174.41
185.01
168.72
169.83
175.98
181.24
165.20
178.48
166.56
179.03
177.57
167.06
164.65
159.63
169.39
176.91
163.83
170.93
185.36
157.00
171.54
184.91
179.51
170.36
164.73
174.96
173.07
173.75
184.93
181.18
160.33
184.04
177.54
185.41
168.80
174.61
155.98
177.26
152.18
178.48
176.91
169.95
168.10
175.32
181.29
163.65
175.38
165.83
172.56
179.98
161.00
173.76
170.96
181.91
179.13
181.15
176.53
181.21
169.62
181.87
181.22
170.09
160.58
182.66
185.48
181.25
181.32
168.56
157.56
171.85
162.34
176.55
176.55
174.41
184.91
180.99
165.45
171.23
185.09
177.34
181.23
165.06
185.13
174.81
170.32
172.59
169.47
180.44
162.83
182.49
183.36
175.66
184.29
173.38
176.35
182.35
184.00
171.42
180.79
163.27
185.34
181.45
173.61
181.98
179.16
176.83
153.39
144.75
320.53
758.83
120.33
86.29
67.77
68.35
248.84
412.35
243.72
60.26
51.05
386.86
65.01
184.99
214.77
270.49
423.19
147.15
126.80
57.29
936.95
140.10
113.57
111.27
185.14
184.74
127.67
122.61
140.07
155.56
140.43
107.96
128.92
121.18
9999.00
