1.09
1.17
1.13
1.03
1.05
1.07
1.46
1.07
1.12
1.14
1.16
1.20
1.24
1.68
1.24
1.25
1.29
1.28
1.25
1.40
1.24
1.71
0.91
0.93
1.03
1.11
1.12
1.20
1.21
1.29
1.30
1.19
1.36
1.39
1.95
1.46
1.46
1.60
1.52
1.53
1.56
1.57
1.59
2.08
1.62
1.60
2.11
1.62
1.62
1.63
1.64
1.64
1.65
1.66
1.74
1.65
2.20
1.65
1.66
1.65
1.54
1.67
1.68
1.72
1.71
1.72
1.73
1.75
2.30
1.78
1.78
1.81
1.80
2.32
1.83
1.84
1.83
1.83
1.84
1.85
1.86
1.87
1.86
2.40
1.87
1.85
1.88
1.88
2.42
1.96
1.89
1.90
1.90
1.88
1.89
1.98
1.90
1.89
1.89
1.90
1.89
1.90
1.88
1.90
1.93
1.90
1.90
1.90
1.90
1.90
1.89
2.38
2.45
1.90
1.91
1.90
1.90
1.90
1.90
1.88
2.45
1.92
1.90
1.93
2.41
2.02
1.88
1.88
2.43
1.94
1.95
1.89
1.89
1.89
1.96
1.90
1.89
2.42
2.44
1.95
1.99
1.89
1.91
1.89
1.90
1.89
1.90
1.89
1.89
1.90
1.90
1.89
1.90
2.44
2.44
1.90
1.91
1.90
1.89
1.89
1.89
1.88
1.89
1.90
1.89
1.90
1.90
1.90
2.43
1.93
1.90
1.90
1.90
1.88
2.01
1.91
1.89
2.00
1.89
1.89
1.89
1.89
1.91
1.90
1.89
1.89
1.90
1.88
1.89
1.90
1.91
1.89
2.41
1.88
1.89
1.88
1.90
1.90
1.88
2.40
2.45
1.99
1.89
1.90
1.91
1.90
1.91
1.90
1.90
1.89
1.89
1.89
1.90
1.90
1.90
1.90
1.89
1.91
2.44
2.00
1.94
1.89
1.90
2.02
1.93
1.91
1.90
1.89
1.89
1.90
1.90
1.90
1.92
1.91
1.92
1.90
1.88
1.90
2.47
1.95
1.91
1.90
1.92
1.89
1.91
1.91
1.92
2.05
1.92
1.91
1.91
2.45
1.98
1.93
1.93
1.92
1.92
1.96
1.91
1.91
1.92
1.99
1.92
1.91
1.91
1.92
1.91
1.92
1.92
2.46
1.96
1.93
1.93
1.92
1.92
1.93
1.91
2.46
1.91
1.92
1.92
1.92
1.91
1.92
1.93
1.92
1.91
1.92
1.92
1.92
1.88
2.47
1.95
1.92
1.90
1.90
2.40
2.47
1.92
1.92
1.92
1.92
1.92
1.91
1.91
1.85
1.91
1.93
1.93
1.91
1.92
1.90
1.91
1.92
1.92
1.95
1.93
1.92
1.92
1.91
1.91
1.91
1.92
2.04
1.93
1.92
1.92
1.91
1.91
1.92
1.91
1.92
2.04
1.92
2.44
1.97
1.93
1.91
1.92
1.92
1.91
1.92
1.91
1.92
1.91
1.90
1.93
1.91
1.91
1.92
1.88
1.92
1.93
1.91
1.92
1.91
1.92
1.97
1.92
1.92
1.92
1.90
1.91
1.92
1.92
2.44
1.92
1.92
1.92
1.91
1.91
2.47
1.95
1.95
1.92
1.92
1.92
1.91
1.91
2.04
1.92
2.44
2.47
1.92
1.92
1.92
1.92
1.92
2.46
1.94
1.94
1.92
1.92
1.92
1.92
1.91
1.92
1.92
2.04
1.92
1.92
2.46
1.92
1.92
1.92
1.91
1.89
1.91
1.92
2.45
2.06
1.91
1.91
1.91
1.92
2.04
1.92
1.92
2.47
1.92
1.98
1.92
1.92
1.92
1.85
1.97
1.93
2.45
1.90
1.91
1.88
1.91
1.92
1.92
1.91
1.93
1.92
1.92
1.92
1.92
2.47
1.96
1.92
1.92
1.92
1.91
1.91
1.92
2.44
1.95
1.92
1.91
1.91
1.91
1.88
1.96
1.94
1.91
1.92
1.91
1.92
1.93
1.91
1.91
2.47
1.94
1.92
1.92
1.91
1.92
2.47
1.93
1.92
1.91
1.91
1.91
2.44
1.91
2.05
1.91
1.91
1.91
1.92
2.47
2.00
1.92
1.91
1.92
1.91
1.88
1.91
2.06
1.93
1.91
1.91
1.92
1.91
1.91
1.92
1.91
1.92
1.92
1.91
2.47
1.95
1.91
1.92
1.91
1.92
2.46
1.95
1.92
1.93
1.91
1.92
1.91
1.85
1.97
1.92
1.91
1.92
1.93
1.88
2.46
1.92
1.92
1.91
1.91
1.92
1.91
1.92
1.88
2.47
1.91
1.91
1.92
1.91
1.91
1.94
1.93
1.93
1.94
1.92
2.44
1.99
1.93
1.92
1.94
1.93
2.24
1.96
1.94
1.94
1.94
1.95
1.91
2.49
1.93
1.94
1.94
1.94
1.93
1.92
1.93
2.40
2.06
1.96
1.94
1.93
1.94
2.46
1.93
1.93
1.93
1.93
2.47
1.94
1.93
1.93
1.92
1.93
1.94
1.98
2.07
1.94
1.93
1.94
2.45
2.12
1.93
1.97
1.96
1.95
1.98
2.51
2.04
2.01
2.02
1.99
1.97
1.89
1.95
1.92
1.92
1.90
1.88
1.74
1.76
1.69
1.62
1.51
1.99
1.42
1.43
1.84
1.37
1.32
1.25
1.23
1.02
1.09
1.06
1.02
0.97
1.01
1.06
1.07
1.09
0.96
1.10
